4539019345711479
4485935196846052
4929873908933831
4485771584640595
4916472267181606
5110942926412569
4532260112631428
4539074371552941
4532729424125832
4532002845075253
5157174581397596
4532564985761067
5185999980731029
4916130285008926
5191525897497370
4485515133213440
5357809150453266
5199382688818527
4532362673637842
4485567579012380
4929649132064266
5471220298937262
5372104160507124
4532365635511831
5197381843484250
4716605886733826
5442522660119973
5568069082566447
4485465343711595
5120626383542533
5382599579070432
5452534403127798
5449209325143407
4485062034180444
5319549269849346
4539837300711717
5302488548693473
5322213810372820
4539923396018694
5317764104465099
5260991321413076
4716234951348145
5252251217871766
5586777020221895
4716529309511264
5243991681218786
5453121738350888
4485986992558938
4929784353757148
4929463733447288
4532589593026553
5289611283307705
4556670704977370
5577135966870731
5572927273031758
4716048451560821
5498630358131136
5431935386563204
4929994630442873
4532807230964691
4716158464576894
4532152938503743
5439614734421942
4539061663091456
4532525027023659
5531293300340799
4556734374948697
5541147778727580
5491959910140997
5247140012921058
4532321266572857
4716013551229222
5149630178307547
5279177174679091
5222464711467430
4532067470317965
4716525701570601
4916166351040435
5442468870018136
4556865043570551
5572573650655221
4485653097684528
4929603962842457
4556037730186550
4716955565358522
5450028681939240
4716478906242511
5545025915395261
5277099990764539
5261399716517387
4916434742516400
4929432465579410
5136033946390868
5255854557419349
5500314272536813
4556819462226823
5178400227799258
4929482354819385
5413315363923303
4716169378258073
5251511714386308
4556370084993101
5216511054302992
4556069037222028
4539121530526397
4556563312626408
5224115404384443
4539365462218008
5223979910526354
4716233938452236
4532254506751967
5124271701631639
4485013458864708
4916116432145026
5408281764255017
4532047999373723
5157338147703106
5350862301915953
5595372161407286
5506268926853418
5315776030881159
4539454569032957
4532156835200196
5316307932667931
4716712814831738
5285166910376379
4916268680200290
5201268845877637
4916324311571201
5539748959460950
4716574703455395
5309888053936345
5583627323628739
4929960020420993
5429891643830635
5334779433054967
5524069366671577
4532935257237608
5342064304595301
5318057667696401
5147931679808088
4539479858629494
5526041475708572
4556201144665217
4485502752934449
5344576229952638
5182980137903284
5186335486372159
5112861802590835
4716026639143918
4532109111408736
5164360893570167
5159052774427206
4929789513800555
5153445994406057
5321573121636184
4929582235649883
5164407990745356
5447059757179524
5397440322137959
5324724005521813
5146658760407816
5395579220934009
4929085904698595
5265589595049553
4485666384267849
4916153570275760
4916293282830898
4539821582217429
5369830998520666
4539953651228951
5197754038375725
5557883902724181
5320706451041358
4539381087281206
5288167905224563
5268235349212124
4929853004773794
5479596733204307
5542794557578434
5593256264792086
5206847361993970
4539357292473325
5219004369204019
4539431013544654
5490290425423582
4485066292258701
5408723391860412
5263936179231044
4929055497608517
4716471080356421
5306104970260873
4929511910712898
4539487047864153
5149192299021325
5392038457196462
4485779055564707
5410279819427348
5390420589609376
5486321121682399
5380778007830169
5258017988200566
5206303973903064
4532372281598872
4532738718234564
5423513715321071
5527212718465846
5511360796336617
5364252510275171
4929143649434360
5453418369591495
4929536873048691
5146929449322522
5211999617049975
5592378594132147
5531715423595958
5348789507153854
4929555932431243
5518643978549765
5170422007103897
5447478666201353
5295588464269205
4485364857747436
4532631225026203
4716737136737032
4532840888638671
5461885611852075
4716567874515583
5504635058525406
4716018468776314
5401229938074696
4556164406082507
4485034847877193
4485346147317484
4556559905691320
5577070755178360
5149651178230315
5354422793295988
5218946717504022
5315971496758203
4485845303347615
4485700540786614
4532860743976710
5521854407543676
4556559788021280
4485806102741440
5389315026703076
4916745449836274
4532143400346786
4916385312639859
5116289387284135
5163410239183927
4485656512510269
5382853590574496
4539810267459232
5592973544700397
5161571053443531
5545248748280290
5114120328917602
5431030596487285
5406067867531533
4532617780892451
4916320759926410
4716163818293725
5350892717424100
4485874387567278
4916753957702680
5581191493841780
4716852585599823
5187964005739272
4916365276254473
5248322565071650
5210499623502340
5257684542589312
5514105903711013
4716810762038767
4929769344253547
4929243150961346
4539931589073947
4916268156595900
5178816652019096
4485192108203218
4556465188552256
4532914848624814
5565181466470139
5123892521738899
4929719011613812
5540181293312470
5537462278803641
5251787586554773
4929952049288352
4556829572878066
4485577951726390
5573156449420088
5148433634707132
5312896741489200
5185488291219304
5188369838706655
4485566130324045
5204367640155533
5518879411671382
4532224677956646
5212828754888847
4929278846764456
5313842883804938
4556453410320775
4539070273794698
4929258091422240
5555977580291448
5153384041938673
5460858294229490
5138267259212388
5524509799953258
4485508932865122
4556371620780960
5224258734447454
5477713674722039
4539109847120111
5371835013715098
4916977519485407
4532281964772540
5166805536130306
4716675238816652
4532181474463467
5462177629889805
4539533284935907
4716803892312640
5161308320339717
5109478547817806
4556619731122625
4916824325890117
4485449969768287
5205350057273147
5233092833946036
4929321545772964
4916648995855104
4556515193318026
5422425907754467
4539178274478383
5257612172435019
4929745380217182
4716625411260400
5486909134760077
4532820344834619
5445416560249047
5236636894424395
5302276540370244
4485794103300343
5293641972388793
4485941934750242
4485241002994552
5496821872901573
5229090494362598
4485391169592929
5244993888061703
4485829172912683
5585933940662301
4539945825497082
4485279407657978
4929777900151229
5501388186692788
5348961597420929
5555655196010481
5265568503705464
4485798160021932
5581766359627819
4485732613676398
4916866301049424
5251031695187740
5387840456079871
4532195431311718
5414716878091792
4716421021078865
4929186163403220
5463860392108904
4485793268299084
5450621410903238
4716172198158929
5339043504188070
4716652070362798
5192303097348689
5418327239672654
4532294274799418
5548838003041994
4556043546842907
4716587270860268
5103681936678269
5569687315096210
5550748077299292
4916166914096288
4716013107254351
5416266063725075
5107651603183907
5493553684196471
4916908997455687
4532445465317622
5410513377267187
5122208218623503
4556950450599622
5339923126375009
5224404832984986
4916951019211829
5520877138593430
5172890644839941
4716548058574000
5512656956123458
4716334885526319
4485279590737595
4556627530729862
5598359537783752
4556607344926532
5142700816383239
4485936239881379
4556529380340057
5157681176064886
5438615338783984
4916713806463884
4716216000233303
4556735319926219
5391190689724735
4485440273237366
5240982632437891
4532811242424587
5471581427777030
4485581191250914
4532834738942904
5342611112688544
4532404194519586
5264844496037582
4716499962234895
4485936276312338
5255327259105565
5565690065519807
4532581589833696
5205220224155107
4532737799747015
5360617534619048
4916452799255557
5193874958173985
5388598261627925
5228526502925216
5333597508289719
5199914365788837
5160251707680876
4485703441126906
4485973532931957
4539953766642914
5251939744164504
5522389950811484
4539240451665040
5531974751413389
5193772050076744
5163244417483472
4556456778335384
5527328355399336
4916005815972504
4929997213547224
5523176167571897
4532815333367431
4532144464657142
4916404069681228
4532372302879707
4716829965534943
5261114674433737
4532067228798094
4929815185358810
5426540468174008
5297745062212536
4929004330329345
5507628447341095
4916234614432649
4916326340669401
5240401370728999
5469625212798158
5464898693542289
4916063214841804
5234721347130294
5567157594753263
4532660237194394
4532104897143367
4485586695747471
4539593077959589
4485813133869372
4532830243959177
4539596567776454
5557067260974675
4916487657777474
5107522033602172
4532763013362670
5119675390777478
4539407168851557
5423210592061884
4532354382632420
5479754795652109
5395467076499659
5483002968837709
5329167440523934
4929747505256707
5487535500284910
5115172496218486
4556245736551772
4929079711782783
5493389063895130
5357386631296713
4916606298915801
5332004640573762
4532471610686760
4539245577197877
4716565769375253
4916884790275756
5321352748569528
4485757875258221
5506363825133739
5421240091899676
4539244094756646
5137370394400057
4539608034752917
5370448164109334
5373247859875440
4916691725611140
5260633548741380
5338703079074762
5537746642930498
4916207772933582
4916490055021727
5585432472391264
4532365103320624
5345953984281454
4556233629674943
5576926146811293
4916289903367633
5462009711415068
5151686905910933
4929454692708984
5497098807060200
5442272718247364
5171036864347501
5268060911167492
4532344543006366
5342724497541814
4485457315043115
4539875989077620
5510399138139678
4539587433277199
5519743906189210
4556586432194866
4532930093152038
5589754085331296
4716991529524339
5291299397568440
5573356665648988
5206909637278543
5125184139284914
5315452550305553
5181578566250887
4916663723810925
4929679318384352
5289883327032025
5360297445271815
4929517321725031
4485800044290343
5219257013155983
4539467853908658
4916665033681037
4485802094331597
5108695594901917
4556626998742110
4532282538085237
5564895119718674
4539828023903889
5540615527405840
5326354457021217
5569819387186138
4716689006440769
4916936953480951
5502356041100809
5506405866859993
4532458050935906
4556258351281021
4539777661804695
4556767984560569
5254695897699020
4532684657800900
4929533624849170
5218663756424760
4916238415036327
5113746640237104
5436249772604571
5415504510741167
5488464193222484
5166488071733576
4916460982191562
4916482216580212
5105635080097542
4485944964025576
5304161785546898
4539967580729475
4716543563156195
5557829452292533
4716419185166989
4556339688367368
5226485219921517
5291417326950832
5420866887419013
5199286487858008
5538054690146771
5304752117806230
5107806282719401
5112591239783667
5359126571904779
4929736993776607
4916960415124858
4716461833382550
5240515506707559
4556695159870952
4532197773739654
5136114241621023
4556033379551915
5248833230365889
5242995640230882
4532444899813512
4929015617218928
5183116564099895
5509953777605671
4532623222297853
4556983659184052
5444885837134003
4485821051573355
4916840674575356
4916709472490516
4716546630274990
5481511745518483
5137846043279836
4929484294842840
5440129370796629
4929364068111947
5169967027886387
4556711717952115
5369290011828077
4556680659848948
4716449296873199
4556567248154658
5323938515120905
4539778414016355
5494994173098068
5411640412195047
4556132112682720
5394144190737782
5417008373518207
5391670056524610
5185443692393331
4916403017535429
4539400703383798
5570321594559535
5439821680073961
5171961127019110
4916160858460295
4929601134283980
5402354732886043
5481481465308582
5564946963200994
5431063165042884
4485721823808891
4929623352283989
4916466818827014
5110887344236324
5297265473392413
4532361428526979
5410915914598075
4716070141162644
5382690719428489
4532315128046134
4556631729016529
5112323969188192
5356843558788503
4556798429958837
5484022531974648
5173890496825427
4716856853416008
5211172909800709
5109357120945467
5352461929094354
5562107143835132
4916889160721040
4716828986907799
4539352424370895
4539956459370909
4539485559377531
4916131160085922
5495031287414763
4532108573213196
5217194395608770
4929974403702737
4532798720948270
4716243118196552
4485481046228068
4556325664825354
4716682321395727
4539706879986762
4532697731267425
4532033443819131
4485075893142792
4916935654245655
5302832332413095
5114754086996489
4485965594682619
5527892941125968
5158806924790404
5597854680043427
5537109228669628
5171496933094023
4485620661744681
5588745741764681
4916918821705215
5385644142789014
4916203969049084
5170228458402179
5272984225298848
5260119344938644
5492299367794254
4929622594079973
4929354164967607
5585925934455957
4716068963992643
4485126259541059
4532071474529583
4916260083393301
5447160611351844
4929697636563382
5170477503724455
4532123547627561
5120028423330682
5358674265261023
5331067111453864
5494420013068970
4539157092465863
4929967485939169
4929609871286694
4539698511412317
5595229705258940
4556073350983323
4716957490443007
5425520853915810
5592321313009097
5436697616064933
4716550954236999
4929516266295109
4485713570960751
4485407628385943
4532809229324085
4556829515399048
5536306132304455
4929194974064421
4539564343593874
4916308723082311
4485097566660827
5295974359664066
5125024948128060
4485000177509557
4929519771696019
4929585539935742
4485876296092611
4716994301742228
4539735167040040
4929407266160230
4556483783489873
5247502501446519
4916359430470604
5157380580225619
4539672843071117
4916762251077319
5303053549495028
5287854110982223
5458908739590685
5444650781134809
5235663359175966
5196860978784387
5305037675149739
5257927613987745
4539566112609161
5443987407526187
5318914457431300
4916716720380811
5487832115807270
4485270269771221
5114253035459111
4716092171455656
4929561319348125
5320850780510251
4716225827085846
5463338042780778
4556076020042693
4539533719809610
4556439028679389
5160086699040030
4485298031633585
4539409910076004
4539054030699457
5111792534627457
5344419417537749
5531430299626198
4916054109250839
4532980470297708
5325761456087216
5494226067903289
5238276267948320
4716532133489079
4532602926418304
5580868388692953
4485832871712024
4532966067965146
5576473628029284
4929416853626719
5250334083188796
4539739365724884
4916505541804590
4485673705176766
4916114674515576
4916627725986439
4929387123994080
4532197155945994
5394385923826182
5480868117859593
5237864174931553
4916698583607136
5291292367669108
5145224882487110
5283354677506097
4916655116945334
5146197642342867
5544051627017218
5535066801129168
5401692974646208
4539114216416637
4716196045149567
4929235545943187
4532496899142797
5244357922700181
4556231474799351
4532346650416361
4929670556496404
5367217093297477
4916134842716450
4532200529028115
4485068362404801
4929399938285240
5355223727178848
5307354552816571
4556951325302713
5378939575582194
5474696289719701
4716772220478367
4916218995603084
4556000494304066
4556246897698527
5358750874583211
4716797731825491
4929863402592035
5535570135650518
4485692018296657
4485356813972777
5419086153370161
5578803650893108
5405214688772646
5368855473542894
5557172685393822
5545772046462250
5103777090725597
4916876015764069
4556810354518062
5286710200237574
5443512092562824
5224882378382279
5595176360578882
5162207942308713
5185106434201738
4539768979292921
4916217978133010
4539972379964176
5192275807215855
5377834883084960
4485661111520677
4929169446300009
5489859217793379
5498886245662002
4556968831295710
5504809399095789
5540020699621771
5526347153883995
5539000414891373
4916715204897191
5123022510972149
5559647297442321
5473857927841304
5410687966641802
5213213540181527
4532263271836986
5304340578326532
5559372177495873
5383891999312430
5325874829480156
4556356384981011
5313809590320565
4556914559008778
4716583242825810
4556947960282822
4539949642363311
4916052977057542
4539882479991740
5565268958389610
4929931242233456
4532846450164871
4716611745087982
4539641589318768
5147251831570991
5522369535554114
4539758686713699
4485474779314106
4929144492300963
4539043790251948
4916342353045819
4916031215994120
4929731229992425
5281894109708060
5579791552189163
4485923971503866
4716060963182572
5280294133341403
4539771965202888
5327753537561267
5480855439540886
4556416545267799
4929713250092713
5202288786910998
5308910241521119
4929454884304675
5466737563566747
5234260730597264
5102435442155382
5413930378146136
4556177815072968
5429522276470080
5496988682598277
5422706323063801
5105842063344616
4539451024452523
4539006439914648
4929920841163107
5449732998197046
5379273403395754
5421136330377229
5247192679726239
5249186392908833
5220286294220999
4556271491249634
4485271684086690
4532702240228288
5109046148383401
4916199762561319
4539986435669009
4929316106958549
4929605175440649
5137744384526032
5131143210531645
4916747405914996
4556546518582855
4716524817399757
4716963658399338
4716391675922413
4556994886065105
4539026657899743
4532863418990321
4532391229745940
4485421064823689
5508098156864423
4532246899790685
4716182235589622
4539232078396901
4916585967971453
5401010962404078
5296313259881463
5287446435497498
5412259465320292
5417226503307891
4556494532092546
4532247392022659
5530311386350499
5105316149542501
4485750327969529
4916023130855171
5169118141872669
5381882646549401
5373065386474531
4716067661690855
5318889007433933
5170080971816017
5451558729936427
4556942857718780
5590136609334476
5295024271847611
4532168743127809
4716380584072345
4556479081268977
5261953754387705
5234435978215320
5362819826435160
5109579833445481
5387724369022501
4539999268983504
4716988223587224
4539329476989442
5565046932133670
4485711888720792
4916010308422926
4532756576422865
4916416371268619
4929360370181404
5562760845661030
4556885182175012
4716071505765386
4916145259181533
5410618463456006
5146691443452347
4539296633526054
4716423417259042
4532660895720159
5108814853626418
5552812382447661
5169387303773706
5529395891513496
5152916966746291
5488379360722217
4532370037245954
5318403870055136
4716501913295139
5123232930195722
5581377845286366
5147810689279771
5349754732877080
4716296220877717
5282647088225269
5325891180706698
5541709293659448
4539364768896088
4556227300010294
5499231668586561
5354375082318095
5370535961275647
4532474018651527
5349734529993928
4716230072828106
4556580789920551
4916169293130611
5378122038483025
4556844244818820
5595128126816346
4532033834634149
5390621552541385
5333589467236682
5243216647477304
5577457894303167
4539028245190213
5306484649730633
4532136519303243
4485276846051235
4532159480922163
4556659421349096
4916827294687018
4485226970153489
5300933241675592
5272526704473051
5160842497479931
4916858055846519
4485729203867841
4539777843023024
4556199283090926
5262894685926782
5508259385932338
4929911107794404
4716197499250844
4716154319032886
4716511398876501
5404869113380397
4929073510543769
4929572861783718
5190964049039577
5431683717482856
5505298031556284
5249038009632449
4916756029603448
5536693173596960
5564169908295850
5301025787267212
5114344353048709
4539213910323162
4916189852349865
4556369100732162
5447212225769208
5206627138122917
4929903695716311
5474053540564106
4916995039055583
5218192057508980
4532485802991754
5255669323676414
4485311844470598
5205165292580217
4556821025388033
5308325201123477
4929911770411815
5269763254074444
5358360505369707
4916671933005863
5403358530866288
5467585965530426
4716468677789444
4916125155039076
4539313572632239
5545300073947645
4485685988634154
4539506110421664
5156189898969821
4539696320226837
5476035404253635
4532181289850825
4485562612207618
4716004131594771
4916577859988802
4556991557862505
4485946139165278
4716804287595120
5145665851600994
5502135744334562
4716468989668864
4916455449722991
5505274365590884
5437232847789733
5591645141066155
4556280868021757
4716880925784441
5286293525118142
5468357485964504
4556744482032565
5356347097381721
5555108458791851
5207707861223188
5274645807509112
4916229734206949
5377311817444297
5283586608996125
4929629301829541
4916762992620286
4539530304537226
4929257402560375
4539604379653604
4485547538082211
5137582343873032
5292895792305848
4485729490752870
5224265325427191
5588620650597804
4539113088064806
4716090784340331
4485072424825334
4532720510501648
5226235830673132
4539435170205520
5372157140145357
4556639300382194
5240831185928386
4716070619431190
5411061714158742
5511479656478796
4532608978449956
5230518413604812
4716280400534330
4556316410479786
4532750021497879
5352875943018778
5102892980724278
4556274397956740
4929614921559744
5351621779950382
4485979636298532
5364520910453485
5540547678176906
5478968652285172
4716708922870634
5293389257591737
4916885639315901
5415541446697907
5555935921379405
5350504145220956
4556575017822785
4485028106888461
5313608324399600
4539230986990336
5176206051402212
4485007095163581
5341842735214936
5431066963196224
4716221439038919
4716202111780093
4929794909406934
4916433570705036
5343331912808080
5216969446691631
4485950501770178
4556106377642645
5143052515548053
5353917499338017
5593442564350797
5221947796943417
5189868927363830
5180820045227644
5241563979837619
4916132340108659
4916814427179733
5100121336047388
4539089158052683
4539213719555626
5594546223155345
5359937582542014
5257625138034098
4532393220097263
5499415640149677
4539595790445085
4485473273986476
5276969170380580
5409695451299120
4716678238439970
5183924372208438
5139676027340140
4916324479725136
4556186710250090
5237104654560279
4916690113407376
4485305327351770
4716759575527328
4485075320571084
4485577731075571
5325909909660408
5504076786321026
5114356530540549
4532839517558516
5309727064413086
5263121284520819
4556622374865724
5288578177702872
5557022997871728
5469167462373721
4485571996558249
5450248932997082
5470363199265606
4532522401264512
4556446744554499
5344460459230967
5237625131326447
5410069165732247
5170580443896141
5434723784337760
4929715171643268
4929518856343588
4916050938491677
4485357633085014
4485961188054919
4556832919657607
4716374131976173
5578132905482313
5596717012563381
5375276819276835
4532636018568386
5148878996224110
5424119044803331
5154173430592798
4556241977251628
4485442979709664
5428559795305554
4716791339331903
5141977055327496
4485012563979104
5338034585755136
4556608759187735
4556804393537142
5165531355425996
4539557186853777
5270055953008865
4916745704317424
5530202431054147
5389483517163679
4916984450616313
4539558487442104
5447097612107520
5212389878746445
5208836016714814
4929403836957528
5582352086087772
5328159379372723
4716209648846248
4716409579087669
4916707322455499
5506736424664941
4716933714165734
4532856063808525
5598040001275075
4716403757399236
4916100534690618
4532104850085696
5159728011963414
5547953515469020
5228475099503855
4916776335138822
4929275433291273
5595578460207959
4485328480251652
5360965633227530
5107979298127271
4485493930640860
4929550301322156
4485207957413161
5417493146947018
4485079343069431
4532849311995848
5118063384756413
5315521669964045
4916452316418928
4556342578885929
4532634039802579
4539600569193674
5588181637690618
5464704747595713
4716012781171428
5532084972053169
4716433922033444
5428615918118439
5421639292545394
4539090315361777
4485095758745539
4539614737623256
4716460897269711
4539711830864827
4716139847109975
4485485314295048
5338467055762812
5363632124299074
4532980041353618
5572888617781393
4539657854394219
4716307175825963
4532237956985037
4532427621653983
5247709905779045
5415290654330237
5243432981997050
4556637071917529
5315496575263990
4539731449977893
4716201501510961
4556532778115446
5219617156378421
4916440513167257
5124162490099387
5467875836087346
5258369691869751
5127317709963685
5115283866391314
5262373417169755
4532747947186057
5341764550063067
4539148777030767
5596983196485102
4716302933013531
5541165061979643
5556402737618301
4916282734428575
5446716272541345
5431539163954014
5275429748100847
4556129201522171
5235558521850308
5597343122194287
4929911668004326
4485113560460872
5553378552263998
5141426634458976
4929245006032750
4929913556248924
5155268120787143
5371578002555956
4485333784118540
5435543275885674
5232863228530382
5317981818822783
4539098173077815
5182019053653639
4916076621922652
5541355299147721
5521347844203541
4539535968603115
4556553994166344
4916724722059870
4929052548858522
4539223368880027
4929370543182270
4485016511964837
4716956752764969
5226948748969166
4539478613444538
4532246163016437
5552840036981199
5581458908329226
5313087538444595
5375112728171462
5577108562498249
5175196617721687
4556394475124332
4929020327600332
5182949622209515
5293625343053087
4532763730295120
5593598363014114
5583653812963304
4532214049364223
4916830793327623
4532259747240746
5119668439166613
5410628981506414
5519093163785502
4556772420283248
5244665546754354
5251788850080297
5221229263574805
4929089722935486
5269865446857444
4716063421322343
5380032884580988
5265403759316909
4916566662143408
5576533032635412
4485060321745424
4916327927584013
4485543334296345
4929697029801233
5519635370267417
5567670932435930
5307907173440871
5488687807217298
5454035547838165
5426161434630286
4485628647652654
5363312360291271
5415047106791295
5106014950702657
5162098954472343
5227966590714083
4539339260569318
5252420539261663
5552923252469758
4485781056092530
5205899055485913
5447432633244913
5555315910589415
4532267700274164
4929425371149070
5214141887742123
5376722864686526
5388265825598527
5149914193131656
5362875481988117
5316827754780512
4485573077253732
4532447244588036
4539641744761829
5231455324449087
5235605229986957
4716579093257459
5105745207309322
5190053553674365
4532608641029557
4556107903059627
5589562310259657
5130308166569227
5227033607867329
5502172609200596
5276418492781703
5289899840769257
5170420401945814
4916952228643406
4916323563290619
4916514143649080
5230654167158307
4556730569185699
5249848391201086
4485506356792046
4929613526474309
5454137978283208
4556127794090242
4485919394921537
4716801108418151
4532755950188902
4929279488975962
5277789494386926
5298756149479575
5520989188094035
5442018689387691
4716093845079328
4929986384337119
4916764780089567
5470467607885820
4539831522956556
5351585891578571
4539813055748980
5464205056336632
4539014791713822
4929246489859669
5320367250162950
5155780222016999
5318797394087446
5216451947872598
5111061470470144
5376341130467304
5347818210840514
4485654112771670
5417807217477342
4929273102253419
4539951888205479
5311045328846538
4485585685745222
5563818119518523
5211869282705369
4916246953920638
5444525693276916
4916816449396542
4532202741843743
5125159506793515
5203529461389944
4916317825810263
4929358072779756
5370703135620581
4716995247672668
5104604456106676
4929410063269147
5235129111877638
4716968573284077
5261629415678480
4532074518374131
5505375470909289
4556199145214078
5223816555984185
4485736167343800
5286334547874906
4716409744895129
5489283666563680
5337780166508069
4716175724772170
5126350655087689
4716200530180275
4716119624798208
4485050503634801
5295649029276182
4916674306217917
4532243189529717
5598975048441422
5351135227786819
4929750630185163
5340945029644238
5405261117304954
5201631922438815
4716473303907188
5445596600219009
5304493293642780
4539747931976128
5583839799280669
5498195714669559
5356050267022667
4532857678698608
5429747412676510
4532607041220790
5271648628178557
4485078264219496
5264471342074997
5471991115902503
4539978043384105
5589230619883722
5378649009532992
5392677341495356
4532275972257346
5416559147767547
5370170445846357
5556366147680872
5433990351401524
4929108270072730
5402005342890615
4485161552968816
5374500803787213
4716340384602030
4916100972570579
5559306817106599
4916262616148400
5102726996625519
4532842672457789
5110439765713371
4485021217208547
5448621868168925
5132503713713264
4485962420950054
4916250626537811
5397765991591817
5538868024100265
4716212568545824
5148103942404751
4916646117345673
5384706114030932
4929708136519400
4929715409134551
5315919526037502
5273913020376193
4485444645714425
4532771861589880
4716409124056441
4532228924778315
4539135102643406
5522285077943731
4539074602962570
4556144054035056
4532294282387594
5381378121837494
4929641813434561
5175311579271353
4556591507057543
4929229503294857
5324582109903562
4916692898937478
4556970891462834
4485080739232914
4929755821296364
5283504919324283
5495672730918114
5278873650282704
5303303900952905
5156977146815352
4916346212498374
4539015157449760
5332853939565313
4539869545310583
5551188653164793
4556075777822299
5590989658816847
5480295789608613
4916182035498832
5510174282690416
4539376633828989
4916271852898818
4929350915532153
5568416107311970
5516389897264068
5472565563736131
5209986071921108
4539407324628352
5190074428885937
5208218910488714
5271513924185583
5493911552568504
5332128699390735
4556354333972819
4539374927756537
4485784737169453
5487296875530243
5364757458002932
4539316121050175
4716021329489390
4539031585445601
4916516659219935
4539374562840356
5514763203323697
5484323472473727
5434752211458998
4556054395578138
4916413656945656
4485642554824982
4929886347096796
5500933727240091
4556369587691618
5453141931216470
4539541083781208
4539043856685823
5313918754410359
5324894899197242
4916215589131316
4485724024000102
5485766954238944
4532697999791967
4532201888541078
5133919620686402
5138788483658666
5501522234542567
4539037559495316
5209372390788066
5253199688268484
4539180842951693
4929000225320308
5573360014778298
5126244118082918
5548514348799519
4716256076144786
4532099143322080
4716197347402662
5355161832445704
4716603094915046
4916187778253583
5338145205309813
4539665263270235
5581520314791719
4929141508159367
4916728736661613
4556398499257085
5205937916479004
5472697728862443
4916601452890361
5478468870125821
5565504707328644
4485112321042995
5472988959261409
4532818854628736
5141790158994876
5322566990953358
5510324768357275
5168677999443387
4532321679629278
5134917459979160
5344819870233985
4556252101312509
5466381559358288
4485179564306320
4532555626888046
5270471308313167
5220825682110930
4532953384388632
4916719796861417
4716086551274828
5102902538639983
5423838945555739
4556894554936019
5334924070588808
4929356505722336
5405205337468115
4539577476129860
5571537637931931
5340575311283096
5156215991810701
5446706638649346
4532011034789095
4532765707186232
5324709947015610
5432523072076167
4916477637617825
5447428574820935
5254932825044882
5315704220725291
5589390799034726
5138099495388874
4916079950007970
5581755042799036
5499335800734771
4929290098201665
5563412252665778
5126775737156492
4485728123135578
5342583325287978
5232272049172939
4539839490794677
5153099050148887
4556704433352124
4556775997646853
4532484885664255
4556069893866322
5564431779972250
5230195870926705
5426689675819812
4539843317914138
4539933594662599
5122817082340893
5117864812972238
5589997042629233
4929083737799854
4716494119701185
5132119375679378
5292108146095937
4539467295059169
5271599605246604
5566580963270976
4916612457188321
5390317697228653
5504952710087398
4716328386662599
4556319207033907
5360577922921705
4485689077735062
4916461181813089
4716218199315487
4716462815868038
5174477718257388
4532112297216899
4539337008858589
4916502704624337
5481651142901575
4532909704935205
5482798023976280
4716678079671632
4929897597060838
5199064577154764
4556413059456660
4716421318856114
5539461553747638
4539654841173095
5436904703011029
5169685940913449
5356244996205913
5594157009894956
4532016672584641
5439911927098259
5203386465853601
5109317900492577
4485674307585248
5558779056158615
4929969554843454
5214903294713769
5398415189223497
5124429454161770
4539896222616487
5522715507802545
5183328364525959
4532792673652575
5438688000154107
5137837793539925
4532660034020420
5443090528184273
5490160445593047
5316821951757035
4485546229208275
4916248893093997
4532012687662738
5109337922000539
4929162415946084
5154498531226941
4716843153724992
4539423686368263
4916585630492218
4539346062400493
5375453074848281
4716742523498214
5307532338997894
4532727304240390
5538191256289783
4916749649849285
4929018928287988
4916652443905610
4532635231489610
4716417294915031
4485659875978339
4532903393168335
4485587713895557
4916559351574645
4929468412521501
4556719099722121
5154540935648152
5347362206827052
5347743257464202
4539521726833608
5145703113713311
4916294263932174
5361954757222542
4485682963893970
5538649510870342
5278770602654388
5372529265254638
5506777394492509
4916083987601607
4532659439228737
4556334200771791
5229242090170582
4485390652886855
4556968211088941
5587171341776515
4539015620062463
5186449313678108
5263734526955542
5243380533582690
5211857662210241
4485676026681901
5466331252942607
5494279237437787
4539471350555970
4485667371522287
5201807247378056
4539715816511088
5536045778319183
5177191325204058
5279777762357727
5181633316758760
4929114713164324
5245727645374010
5528943667370574
4485582490568162
4929972367385838
5294701995484190
5372965845932436
5594003447028379
5396458069863653
5567927147562126
5197958296214175
4716386821229077
4929454737939362
5206599925904221
5211534229722014
4485336898935063
5359685160889741
4716490168830222
4532964473641518
5281932709897113
4916742834094015
4556987215852102
4929515340824876
4716551357321297
4929158774951707
4929743784781663
4556639629594099
5566783634662767
5118257683081495
5404356491234966
5100391598032754
5285783703644670
5422171950425312
5348651871157475
4916322662569287
5352640075188959
5158605001134720
4539926237114754
4539511318058789
5100447440544568
4485936908101166
5597942998414172
4556769614989150
5148042100138902
5370210480875463
5464164012030575
5379557145978749
4916722256741897
5227695284148817
5182326700146846
5283841109610661
4556347572150329
5424944131415198
5546151770149731
4556286714056822
4539987051727329
4916193482136247
5431539875259603
4485281683613600
4716645999602948
5526344032582179
4556898109242401
4916463279206887
5497115932131837
4716226965782590
4916704471437485
4485242936167935
5462782290377442
5222172369791791
4929100591725617
4716942715526935
4532165801367277
4916981003603053
4916476538056463
5365920248759232
4556376107265575
4532317953128482
4485153397988752
5269923441762158
4716629733191319
4556582464845665
4556521024342284
5241735421353136
5403878402076476
4485273625901789
5572873246253428
5426960846596419
5335877971542176
5455578058648183
4556125328790691
5353363723409177
5340614060406267
4556677440952302
4929516523114804
4556958199027953
4929511166403135
5334979199632176
4929888908813288
4716613541150063
5415401632651145
5241049884895728
5537824998317865
4539001987886223
5241540646812761
4532441171662104
4716581439582038
4485328069230986
4929924660141939
5120818604015742
4485938282867164
5456105895643745
5283291059829830
4485571913464059
5372527741655733
5459396863390289
4539601283401963
4539931407084951
5490191575928208
4539464666964788
4916008407891371
4485122655073698
5329270078206275
4929530051256127
4485291539533860
4929528349453548
4716535240334013
5470466956352390
5253006823528583
4532354166847848
4556209650777680
5100839459151543
5468677160720685
4532552946644985
4556378115612228
4916643077113035
5327649879446416
4556632619312473
4916520446713135
5124634079163107
4556169530069098
5389704422703923
4929433793715304
5335643333853820
5437040844320190
5250770418911107
4716940774087724
5463217795925758
4556596145872336
5222213739149136
4532706088972501
5164688658579555
5524248419543526
5155040254970450
4532043658047625
5556593587533705
5545545136590101
5593477455182420
5555392972460322
4929370175558219
4556327912599278
4539309752417516
5209130236225408
5234786697050244
5533075910023230
5305782039825488
4539393884927501
5227636354949452
4916590645875738
4539351169148508
5123224666593816
4716563450749233
5523507101527415
5406793382111747
4716389500094465
5357412923121789
4539339383399643
5157221248565949
4539099534451905
5508460177637636
4539726029109347
4556232512407718
5514345972197625
5227910467427395
5172136776530159
5340654958684054
5267647283523426
5497236423905446
4539752488647817
5560900265828840
5214463223803116
5376294824635126
4485158699895852
4929067892795278
5552125862597206
4716995610972281
5283414109790162
5306578009341137
5324494556151069
5522506254907904
4929632930326194
4916825854677239
4556297085129221
4916751517706498
4532674650973218
4916599597790720
5215070412455456
4532302830892583
4916992402142007
4929363190030363
4532172549065296
5109517786459976
4539499578048643
5213983856611024
5532708052443730
4532970450238160
4539442872734906
4485547086550312
5117007953112822
4532141013752895
5124092809697888
4929530160775421
5525119761367278
5510328778719119
4532176455115524
4485955285796919
5280805078126168
4916422961820090
5410213606661769
5372471704070830
5114342751245026
4532810666492278
4929942447486500
5396307476924626
5533217303182138
5336490218892070
4916734215183368
5405961432781378
5481030731285569
5290141666302112
4556145742887105
5324330181552208
4716443784482977
4716850904979114
4716617625972623
5122124843398165
4716505800469624
4916745314895553
5560729313036217
4539802168309426
4485887962344343
4539608908078308
5284495388218917
5157579748799411
5124960379811651
5157099668315601
5539471815456613
5343273775165408
5183698395974198
5294109433024802
5522446492027456
5376546932191841
5535883554431736
5557029622932494
5472557159301883
4916443663314851
4532038874156051
5478352360407875
5509005751285184
5144192474516359
5556982960845077
5522312543470246
4556669325386714
4716383043524443
5290533864953862
4556202607334341
5269113146708447
5550781119654513
5241902597989925
5199559883201654
5221743085289491
5110073819948699
4716052783889056
4539202240814446
4556127753312157
4539516682188237
5393102183204831
5578607418950476
4716396209425411
4716123821457949
5263840938522240
5434852893119221
5307047819356585
4556819850877666
5254607583889237
5371939324990323
5394052103811083
5251922433967874
5494595665141181
4556144238919399
5289445264994045
4929974230823342
5423195192254957
4532692600921350
4929291154608553
4556184222996854
5322143039413511
5298167278693087
4556514509082467
5259443562135995
5305023193687061
5125495516896546
4539490925855228
5168535615027283
4716217091803541
5188952012156977
5494189274609901
5122360460939010
5401411909101274
5116818485015858
4716591217642565
5236948614431836
5512982704985323
5367986219482698
5469672048038557
4556120223000205
5549439132117919
5290287741087978
4929468601522096
4916686269139649
4929749173312945
5133354508004017
5472587915920395
5270446998601444
4539320124429741
5468438436327155
4539154572927801
4929988629449881
4916422654327106
4532206866818406
4929853190766586
4485350769642740
5138952384112955
5264541209810558
5179124497404311
4485403744393614
4532101736441572
5445723799018956
5317145043068840
4485857530282218
4556643011143408
5490425464709729
5544329535910231
5208278505997289
4716439388575695
5475646960663776
5595883942637009
4716619933055588
5538662978757943
4716419012453972
4556205125204003
4532253656396128
4539984668680793
5552155123594163
5170325176757239
5369001512546559
4539739762773039
4929090412261407
4532997272671096
4929983067623568
5322150698024422
4716722908881523
4716385329038410
5189247499203007
4539926231775097
5430890493446481
4929339095726073
5167296222983555
4556545747059008
5475400845473120
4485374096031153
5552622124826316
4485764039328312
5347679707987931
5511785881576802
4485133065767019
5299735955981618
4929090600811559
4916126483541809
5549633604707625
5278227999574356
5233558057956588
5448488742170083
5170274741589273
5219412256231740
4916589559117053
5516788814363913
4532650575437661
4556952268888098
4716718632015511
5201321871883035
4556959360446337
4916863385228552
5354514382079490
4929074680303547
5430712641524599
4532086698574413
5541264803646550
5586416127598869
5105566674987352
5370777047881499
5187352575153613
5593061236181883
4539730048750156
4716110900017918
4556197570436059
4539171252816625
5249558192842810
4929614768031286
5335740060009020
5462627363530205
4916401452532638
5493503583967654
5277135713558988
4929966217147968
4929634186987430
5162496694167779
4716486672733290
5150638677171773
4716166082905700
5430085439934977
4485360540864067
5150385078984582
5464486543908866
4916734334590030
4485749295581365
5522567843987450
4716777315901504
4539955281151966
4916740300892391
5307645719901457
4556744032456884
5522466518809893
4556210186871484
5575381301997803
5409502016864598
4916668615858627
4532035954170143
4916846624156692
4539715110053829
5519440793958258
4532391180630768
4539742229099204
4556760689842150
5374426407845308
4929090430642182
4929228394241779
4716575694697879
4929428421717938
4716257882577797
4485781123564032
5231440195155021
5309562527043729
4916344321740133
4532969233822951
5453633595130153
5458813906927977
4556877395499982
4556790186643884
4539557090342073
4539974538839265
4916460826905789
4556363217407164
5430443976624131
4929888122513300
4716537323150381
4539501598421153
5342139662632944
4716751593790756
4556129657538663
5272644243129140
5358239099465719
5327763984344067
5484032362294776
4929945933849958
4916269544764232
5495399599615579
4716221630917283
4485126941461070
4716141446136805
4556481546334790
5141685169431043
4716634855432343
4539645303405736
4556127641257028
4916550001243194
4716032472094713
5324548353782549
5587719887950553
4556229984819735
4716142704839221
5489310532687300
4929259310879491
4539562048369574
5159253854521211
4485558012839125
4532467186737433
4532806457134434
4716813704993768
5293279961641227
4716392081965640
4916331046088245
4532260363582494
5599217606724363
5540148375053512
4539998646180940
5553868294315817
4716799942558051
4532133076022464
4485974845934456
4539792149630422
4556298356829747
4929026081858271
5233637171820274
4532008211462710
4539350123288715
4485880986136415
4916260918836110
5145385030857916
4916328560400905
5100368391995197
5530799213538924
4485495186867568
5575067993590333
5493699991625049
5424398260070359
5512412038810567
4532478553286698
4485731280157203
4556160896860568
5461510656735908
5302085230152733
5417562808520709
5284415443303348
5343209757981644
5127186300977752
4539858585500518
5383703827640629
5412793747586593
4916931928452375
5388193657874149
4716304548968562
5393106701086109
5490395231665217
5363968934777804
5437493498159747
5207200561200573
4485378663493159
5255876399239668
4929505949543621
5414662817664465
4539945762798047
4916640792627968
5430747483278755
4916043729694112
4556572217199171
4556065313796164
5208827144517617
5293871507216397
5186095898139956
4916900072420603
5563576530799565
4485883826212560
5136378332871116
5457177662875353
5202457212409400
4916802270612892
5438285391040472
4532063156677038
5410589705673148
4716328043513094
4539005078609980
5411376853732549
5370528333571082
4532564791730488
4532280313786045
5349444996611785
4916649803059244
5560077105520737
4532086518973043
5527680228616381
5101808159099202
4716069812099408
4539094502950921
5225061952663714
5333407009703608
5204234397827005
4916702084706551
4539738426217003
5362351056142191
5580792092860096
4485985573658182
4532816259541454
5270166931147558
5450670185412230
5133292060017177
4485735563586160
5425241073032563
4539706987043936
4716076876088243
5438022462845517
4532604907453458
5345578685862896
5320056416399669
5203256109326639
5479114177034642
5506522197254445
5321789669208703
4929312265518349
5455761286431644
5432562629434552
5148277660859006
5221169567863357
5187018195545989
5372769259400082
4916815333848105
5439313557849046
5440391632014312
4716437022640057
5123185012436200
5441355129017855
5174994561384804
5308695370716495
4485818963463824
4485732451554848
5148128752012774
5533656850804521
5561566006894539
5103370935860546
5539172995346067
4916317395095238
5358494028814517
5269306224736369
4929152761053999
5521059857032994
5150084366944131
5194263095742143
5495397366412253
5257988233915730
5544284340930496
4539377894094220
4539911375518933
5359728907938700
4532770899871005
5177224811789520
4539983260350383
5331416376549579
5234999833582364
4916928503056134
4916104089805225
4556970234580821
5268930425272428
5110086582456203
5470862816342730
5130583109900768
4929656331422880
5367400597111218
4556532472816976
4916187142588979
5225200997798438
5186469629400575
4485538514653281
5377016248456519
5368077167220063
4539173397426526
5108901921514930
5324888863440422
4532791790353851
4929318228237547
4539746839372000
5357376605043019
5565255707259012
4716290490939448
4485487483723966
4716806013799249
5102116769295817
5272461193157959
5398712517364278
4556113291868926
4539475608278145
4716251062482183
5211893577539903
4556967671902617
5578480324009609
4556912005934795
5417456575935713
5542286390651338
4539178459311474
5510988850413749
4916609953151308
4556080094009414
4929489628162054
4485654146332440
5177902664085795
5117723371916814
4539952751171400
4929594971876463
5475760010092413
5172324816856897
4929860667963547
4716723494457231
4716485365989573
4716501795524408
4916478604649619
5160716455351540
4916599673432825
4916949386300266
5272372557135970
5223385667145457
4929601597939615
4532779577968728
5527815992215438
5405938977029017
4556094561606198
5175541635886535
4929671378446494
5318463597510144
5509981910859517
5208410036816130
5330951416892739
4539540581844427
4929097130590678
4485193809959116
4916130969972371
4539885393477472
5539639444627172
4716646378189374
4929018237593910
5477030652158197
4929840453884834
5123754079845064
5428167633330923
5561586501439309
4556949501070732
4716691731347707
5581575666406761
4716297554047406
5325060554026386
5464372097268933
4532610526579821
5563431219391518
4929591997286552
4929304187208992
4929564411486249
5301256601960456
5533574723850367
4485915863358458
5197869978624047
4929114985842193
4716327973630381
5488654658467992
5505500124374214
5143800491514162
4916233336960556
4556295940917483
5534779959278998
4556558967474989
5300021714879329
4929231706762243
4532815305564981
4716047482514831
4716237842912987
4916140420794173
5592564426797930
5190086699004030
4532945856457614
5155225456838544
5560062335714284
4532539108516200
4532630236842152
4716722199655255
5218342053379379
4532836348302783
5261220420017318
4716127018005015
4929354916663686
4716534156624046
5306758294133908
5585581943975806
5448766567204362
4716214931445757
4485616468060750
4929854413831488
5368084397081356
5265765081076942
4485259046467682
4929774583155346
4539523351929453
4716097644847363
4716909673202965
5446870734607713
4532846381791081
4485965915108682
4539650774337293
5354029445938020
4929036263217089
4539570409645771
5510377271132122
4539915533193943
4916779698584251
4929570912418243
4539200836100972
5320507369496860
4539674369377399
4532170465697662
5286132783970689
4532963411622788
5582179378458308
5369079367699426
4929118329913008
4916949221799797
5226772886189746
4485308317277948
5327335344111021
5552826278681894
5372497907776014
4539587312981408
4556597958783669
5353156362176481
5533067956269983
5212688640523531
5181921247547604
5222987925055484
4916152276886102
5208426330529807
4556849305169088
4532235651316599
5419693930493776
4916058386958964
4532812135070289
4532598823920980
4929545292839549
5288168716267106
4916770882727913
4916920616688986
4716082894334395
5452937550604768
5207847638854509
4485206240444843
5360874177851863
5385188021064628
5543058651738867
5385066376808619
4916582118539800
4485039407719826
4532345308356375
4532566687697432
5233195396871424
5363691602978393
4556536636850995
4539619674444046
4929014080864904
5579175057104705
5386365276036787
5577924640549286
5356247452890516
4556903039447961
4532388759862905
5291804611986524
5520670910519974
5437196235811716
4716869617403469
5419602718183392
5327592450873329
5573890550698351
4929560774676293
4916636266836390
4539797032193776
5419331831922508
4716045919608382
4485455011891696
5112163018039818
5598006272713656
4485032761202372
5179010770790205
4485326798821299
5363442443567452
5397070682350957
4532627848189436
5265913446667985
5263818990601086
5210882903858187
5105485254925718
5557490670328151
5468112969292561
5483945533625373
5333266821283581
4539645036999930
5483857282969045
5579307595788059
5265597648155277
4916183638282136
4532000032895095
5277512006135403
4556620471301007
5561906053645014
5389334933134457
4556803322636512
4485692316842640
5452428487018439
4556982350728068
5471245127761583
5122996430361015
4916137122235133
5192929413861938
4539341105159206
5372181790810482
4916637653851901
4556365920740229
5552284508613040
5524269859559574
5161335569469483
5115066574599967
4716586702170155
5434687329096019
5522268159145375
4716138537709250
5176752552627989
5193090382408836
5589486088640007
5503464150128543
5412936346049410
4929191399336384
5123612671759796
4716073293433946
4716142395455857
5112253603568071
5200277966531171
4716632718542100
5108880851304555
4716428323144527
4532381714160952
5571008012863792
5237246560286158
5243961977749133
4556215001107972
5355793924144421
5515328539872814
5413708317381687
5579715592472537
4929539831412421
4929994527312965
5594287415430580
4929097872927229
4539251960450899
5328134137431756
4539055496570637
5196027226623896
4532343744635700
4916559322859455
5489874199084002
5253650523300239
4716034892666641
5240318223092524
5176090973396102
4556495155765557
4556180537430100
4929412106582627
4716951194682002
5304607438567152
5564337226103482
4716887264136133
4532687898748622
5403310970836958
5330053575676993
5403762069945738
4929209548501136
5361268846049729
4556344482960863
4916996332690902
4556979693175940
5523481487864117
4916892759747749
4929570314227663
5330872387962170
4532303610917822
4716850466078511
5109751933928316
5106819424150220
5523986152612146
4556836694851111
4916918465704235
4929985018248536
4485992205412343
4532317636825819
5175491964573843
4532174501632121
4716057680007744
4916647097235199
5166545930187037
5342711558301980
5554304122720530
4929270010061983
5585748226107403
5391019976525200
4929664045496489
4532023455407248
5551214907843782
4532725874899637
4532759977918010
4532797956045983
4716175636159169
5254091248338460
5553241771504602
5339991514593509
4716687953869238
5453164682956581
4556489470434700
5104727075824559
4929658770615362
5217259963043286
4916819271609735
5336366919752765
4716835455861100
4485166113166198
5379521298186005
5526175470002993
5175979124910962
4929084122587128
4532772452043212
4539791796427645
5211984751229013
5350456775566309
5588377350836061
5186679929471098
5544068211860951
5336312376186840
5463298818745290
5465501578231601
5338269056872180
4556671908959735
4532266461628485
4539615274532057
5373853908980170
5185247892331847
5403152245187860
4556041641011006
4539646474146208
4532824552557912
5235722036910912
5397125265728365
5457068063472819
4485284159320213
5232385792297628
5228301575306227
5461256469388283
5571070412404932
5422910740362263
4532848522843862
4539293052984237
5423630173666506
4916498815140349
5561052085141670
5531496445114280
5228430801429600
5114202862268350
4532536176158485
5210703139688828
5584387919313043
5486834801969886
5320373512764864
4532667867705035
4929530599405517
4539191279325699
4556098030489458
5318914871531107
5306656256377895
4916036451432958
4556492946080594
4532821686486661
4556868053287587
4556391947221027
5234038802849510
5315176683001819
5493194419382316
4929921846139365
5179527996673584
4532043185090049
4929843574014935
5129797183086483
5330973536134164
4929719793123253
4485676041165401
5226394205172202
5456436809436136
4716065998338081
5329257844412667
5399770381844931
4929965852225402
4556099375634351
5378336463230285
4929105648764881
5541547965341618
4539729528564178
4485217252532441
5458282825056831
4716964742638459
4716583680484211
4916081548675961
5191323894020084
5118099121562797
4485587963824869
5276433308837011
5271098525589318
5108993035649546
4929483345888257
5454658541453242
4716492101019145
5484087442660636
4532444275799996
5369474955756060
5552287645471396
4485442737657429
5362916597263019
4532728381497424
5319999230015594
4716692791054019
4556132894421768
5167301655209369
4556156118442177
4916815647100367
5433574128540028
4532102294150274
4929667236330847
4539530763281431
5246284736318141
4539190783684930
4539516865512633
5181654688628258
4929784105249766
5569699764877081
4485382062695786
5594570269437813
5412187446350932
4556218591094121
4916283837643409
4485144554802878
4485666738174279
4916804889283941
4716472214210575
4539890158962072
5557485622341542
4532898972881334
4532913135890302
4556005453501594
4916718890435862
4485563849984052
5347353045354465
5361665956499992
4556256041048677
4485348827869099
4539261808171193
4485897420866563
4485301975733468
4556950456584602
4539584181168951
5422710565396226
4916527705810916
5455338209182826
4916595656730680
4532165904485273
4485690159117120
5506623630088356
4929106577057891
5434222114876787
4556421713317665
5551894683360075
5372691511034048
5466678494652331
4716259292742185
5509912377103644
4556981789075299
4716986205497875
4532349155236524
5552649672601908
5111322514129082
5301462204553520
5144206928205144
5585050506402863
4532242462062305
5220555749570442
5231855284305957
4532064957024263
4916911536409959
5193880350630969
4485676896216168
4716317362143104
4556272945899149
4929323705830335
4929308283952775
4556826993676368
5279940345504542
4532940549372643
5274456267735282
5347995266078031
4929821807841886
5173433628598214
5388281528298752
5103891227710404
4485367971010631
5311291626854085
5407637878832093
4929793599835337
5128467834985480
4556115725383521
5136973698362377
5307928567818928
5486210569129510
4929844158258757
5352926298456517
4929421115550848
4916485754389094
5291400791419285
5519222204338043
4532416556208913
5207029600560626
4539947511811774
5172266981536517
4716869760387543
5583348733991118
4716867974376203
4556326506551919
5560529457864949
4532928296428577
5464697423875914
5411607656778978
5358195849460253
4532333000371314
5164586930480230
4532340522254084
5269327590139970
4532827088394841
5443042174577243
4532518047235403
4716849887460134
4532396606899129
5414259926430175
5424805746550168
4916625237035505
5374848728011700
4556623476425284
4929888251699144
5588870615786451
4929018580721977
4916624813340512
5511744940772316
5125911398586138
4485608470836301
4532163186772542
4539740686659320
4485911276218058
5234783174963098
4716885512108417
5144940832216991
5159257345944650
5166371542784966
5118511356339469
5232187739087058
4485828862672896
5373068980346873
5577998631715445
4556496710387317
4916424794579836
4556978681859523
4929574568488831
4929132438965981
5545664174532766
4916267771134715
4916533346972008
5321379467927280
5437949793203779
4716230475788089
5294895749986375
5131804492583535
4532190292995907
4916329714673207
5268595886226823
4539156435189818
4556316450324520
4556576862009106
5194806609263475
4716432445869102
5246817597820695
5512036469017440
4532580894684430
4485551506027257
5522262602688115
4485896938760219
4929634059656153
4916092622650473
4916257101588789
4539601977942074
5541732061007723
4485560539169366
4556873690597257
5567915687384167
4485150816246622
5595852193045790
4539795568672072
5487033505195141
4556971089816039
4716891105853674
4485224460389796
4916534243641274
4929902608944655
5197332670044873
5487270324537869
4532587964444041
4916085931262196
4539894685666735
4556218700460536
4556656409826327
4532519960182507
5440549121922366
5580470058734015
5517073779269358
4556552486429640
4556619621465688
4532630434450410
5510001664062312
4539493875667338
4539060148502897
4556503389735161
5441201255596801
5174795506683485
5128809263000630
5461900543690525
5441834989637234
4532846740865725
5588779852505237
5587508704106352
4485518729273166
4929440346811100
4716322145870718
4539569756732604
4485488114191003
5599321517475550
4532117719095466
4716410781726227
5572431797303868
5319298998925171
4716006633380351
5384523567310558
4539250630681172
4532066410232821
5583316976204614
4485681906606234
4716425573301716
5441494351017356
4716111939262145
5274287804131457
4532251657401350
5470740285549532
4539337735623777
5255692341127038
5366591323152749
5131363701272661
5501428975125465
5182818954357996
4716001517224916
4539417196202194
4929395985331101
4485633253882744
5589013835758955
4916051092389954
4539863475867571
4485678456062255
5330364418621611
5481212485327710
4556676659307505
5223715299827884
5275552707511587
4929414574770635
4532232304880659
5495500066591728
4716095744531747
4916904995174362
4485647376657668
4485630864433230
5344322352768966
4716871855689718
5212845155148738
4556269272237349
4556321779608926
5597600017739660
5176531234223858
4929743325105877
4716438030777568
4485019160870891
5585868657955763
5428656616311736
5196137942040778
5124920304514630
4485009008941350
4485040409217728
4532848103507878
4556987421777267
4532066905929501
4556475433441254
4556671365880069
4916394932627336
4485098596012039
4539538178880754
4485724479939341
4716494455548372
4532969610474178
4716581260504911
4532637983093434
4929097506184387
5261370884102278
5427634680313384
4539088761364162
5130435671289395
4716206338632854
5559328068684678
4916873132959300
4485556020026818
4485133034954318
4929852483039990
5592728526717599
4556345873026164
4916953754450729
4916839404002665
4716275949648518
4916597225548460
4539248628541127
5314235784224323
4556892671625077
4539990790918068
5303738131298299
4929760542847578
5340614351830779
4929532036400937
5454012404618642
4556825506620129
4539394784086562
5457563776940193
4532657901608287
4929902693999630
5225767027552449
5376636248126456
5290047130511818
5273238028192479
4539879024245994
5325131742006356
4539374958146004
4539679872070621
5532500922849216
5372905556430493
5323224187921221
4485438938251426
5265906537965896
5445549650182312
5380827853728645
5460334446280815
4716282175963173
4539988763178264
5413955157883278
5320382793555784
5297852518672584
4929532470466857
5324878109493715
4485545101254498
4916980809709270
4539132170339892
5499101946184945
5417773983557420
4485338158176339
4929236071875009
5369104976638381
4532184923537089
5320417613554433
4916391902327699
5136825520253119
5195628907877874
5313346630751400
4556559968754502
4929059164995017
5324294589718086
4532847306213607
4556529603682764
5402913316574281
5541027427937980
5137231498880034
5287521951859071
4485520842961016
4539358498979040
4532114533012249
4929826254223041
4716353387817638
4532607370712425
5182956835572613
4532072514736188
4532423910430258
4916718427955747
5264372770369992
4556027107569884
5432500775254010
5264754695578452
5582692345165046
5276786543936660
5439095438949109
5396424084442048
4929668731912857
5414813289146727
5104219142727601
4485377848571194
4929340576828875
4485724953725927
4556659566026277
5597541064284731
5213568867706671
5339895302599729
5290395048285656
5149794741430838
4539771996621080
4716233339442331
5481211904291242
5160546005233314
5243698209554937
5566896985489703
5301202770167044
5502284630392175
5311783249242102
4916514767089464
4916156316201552
4539111115042720
5526503232631488
5109617893979138
4532528294390793
4556202603095870
5153110142767947
5183377583181466
5570237620845401
4716170524787387
4929891468528536
5498102922215381
4929582623469134
5126820094562906
5507264850001800
5596636865614580
5233372939279387
4556204307798619
4532572800989763
5319800379283391
4556908188152486
5491755854063280
4485379804019424
4532129669031227
4929211611729164
5434875833814650
4556572951102134
5138353933158369
5564238072009320
5435753380675361
4485209694834857
5301073679868937
5197026710887172
4716073710310347
4532180215964411
5195740131612454
4716783349611721
4916295379090716
4556926318785405
4532954063075953
4539332830022918
5440907186662535
5546573704811278
5148624750496050
4916182165056178
5385980877677580
5122307454705550
5268756999080297
5259555998397822
5510968702730300
4916743392392445
4539492749826930
4916340131618584
5493375291534823
5487280220930720
5343813487781313
5353117975897954
4716300713960475
5495587407714234
5310274784892452
5126642848692668
4716759337441669
5337425745207268
4716372097202816
4532055786292782
4929387953425502
4916465223986415
4539458682466885
4716172848757419
4485496496121985
4485114186768805
5232867835906893
5125856488247812
5246512545511526
5392829054906133
5516505725715878
4532998218184723
5592606746033106
5452563422063445
5574975494446816
4916859175233752
5410973231921355
5576160022007566
4485989704044551
4929107642959533
5561966540560663
5564845209933550
5425531096239702
5449507353602214
5278460796703056
5345788107015409
4532467919434373
4539887421822752
4485642685065299
5117300125756463
5240609257623402
4485140047546999
4539634933323170
4929753507669863
5128263364706226
5327837515163194
5219289869046735
5276740517044068
5434042736513646
4532355808060302
5434838376559736
4916516614733012
4485768137908487
4539908288936293
4716584888526803
5431360587881893
5409891204641839
5350543690376649
5404206917790564
4539707233123514
5362109472370931
5363865466658065
4929400344299815
4716447953727955
5550992521890955
5514204043663927
4556199642867428
4556794723610562
5177072201073447
4929064495576924
5585659820754922
4556044026339158
5312588663152896
4916084316560274
4929712489612549
4485734457976249
4916410015032952
5328118519232809
4532499844693047
4485405254262428
5209361806186684
4916114312600046
5158453201515798
4916006293927820
4539215969026356
4916149769738790
4485961246538952
4916334393348428
4556729666826049
4916135480246833
4716614325790454
5129838518597156
4716402340621767
5441457911733911
4929390313950730
4716833936262998
4532218274366530
5532000957768522
5158191688374962
5419012401385041
4929094285776194
5565023418247696
5102070990756537
4539996142692962
4929033891046444
4916877293251761
4929618731819909
5112896597491369
5562151291223766
4929680506010973
5444421360940713
4485351202428986
4916945477194840
5314121179136472
4556861490058216
5591960574402037
4929367403174850
4916429793732484
4532835013990062
4532212843855123
4716059238800331
5123797130820006
5473672821286427
4539109791386551
5408418019627182
5562227362123612
5103268188815888
5480145033745952
4532056059606518
5561411222270703
5582543605450216
4532736998801094
5524275730733288
5218189415095569
4485764590181183
4485593410389100
4556946419711597
4716370681752956
4485428489164466
5392361789533842
4485144103355527
5574256571657744
5139511924901894
5213926052022330
5153209490337749
4485430069740392
4532334247721535
4539070879854698
4539037646608590
4532047255419731
5290587384182337
5595444188375950
4532906723750771
5542331874154688
4485907376016046
5328718016210966
5285076859155249
4485231486492025
5206582720658283
5384316924061851
4929179834340004
5174896756308946
5234034479927341
5216140137003227
5220303969064766
4485239058373952
5448822483907966
4556515256924314
5358363601968240
4485827359416155
4556505131439075
5458591219954462
5447093675135664
5366463392323678
5177511641173465
5508645992711687
5217892905197669
5227577971818631
5387605942352038
5260206517593353
5198898125013316
4532568189869691
5308336887623110
5422956855991008
4485216092592151
5578495615974501
5429551024645925
4916386250160726
4916629558709235
4539036340063516
4556647187585839
5217149669830948
5472197951564444
5475586932843652
5588125637893466
5490954593594256
5393742955121562
5479044765769012
4556071768156094
5569802671057033
4716522153349592
5559712365851884
4539886224871453
4556371273698071
5405302686238080
5111962176393136
4556290068819371
4556501177913651
5164671782938491
4485268952028909
4539054930433254
5147627172604293
5391133350586223
5489276399543250
4716480203545737
5387017201691348
4539302185958560
4916311230850618
4556990308960287
4556923182587082
5169250806273246
4532639492427343
4916401449885032
4916450401445814
5460182766490534
4539162855394136
4929555970987775
5508113095259450
4539212012570282
5147671108636466
5523307624773269
5224547791188609
4929931767215789
5226796039355318
4929810479987135
5455450058286390
4916412659611323
4916592650140818
5404150310370949
5463923745066524
5331934782720436
4916883558062364
4916176618798584
5327324295301401
4929464582578397
4539170317933284
4556912314693298
4716310910037746
4485687948242466
4929612853188805
5382533256765014
4485124420676375
4539558250580817
5417517482025276
4916249918377548
4539841074851329
4539564880793226
4556967462930801
5459707850825162
4916648618034525
4916281934858433
4539398806434635
5538715579195531
4556269061338191
5479135684549491
5449854286326317
5376445614058016
4532772786779044
4929680882797144
5367051018680867
4716571659620659
4556170972529698
5408223768722501
4929287975477509
5446035980144148
4916875355180811
4485566230438109
4716311262197682
5467746583844173
5289631532809954
5244743550547160
5458452754993102
4929898514030425
4716417285494483
5227695618154762
5170329710770351
5437700805162283
4485269055367053
4532277958056734
4485676187352409
4485573152309938
4716008486053572
4929919757811725
5220491710670690
5212094907905315
5371728108469624
5485136051002421
4916796055511537
4556295997990854
4916612001413308
5246696415670528
5286155802245510
5194618917282190
5138586404421457
4539537700374583
5108782017404727
4485091403513810
4485766612357527
4539289307076837
4916844036211916
4485596296165155
5435518113300243
5335577177615244
5436059894786705
4556234873535913
5309584839067642
4532951223151922
4532670515400439
5352847827525764
4539110818143892
5205335404190268
5556876407496702
5211041875746875
4716741609094418
5495920334619897
4532827517290651
4485213069816879
4929494674201681
4916249634907826
4716563573280017
5323021496290706
5523893086011488
4532778788563583
4716039895427099
5252189684147361
4716846682187326
4916499642192701
4532176748302111
4485772257554444
4556058176338182
4539491318499400
5384436656884575
5387230816094036
4532910548016624
4539954663422624
5422823029924309
5556437157382210
5592763147679159
4539067478003446
4485032579539437
5576595051353870
4716296480242941
5234765510911246
5338979485101312
4485287601770752
4716961157984295
4929247462208452
5475030972695359
4929519031998908
4716515453545299
5548287950459363
5304689357569955
4929732760661221
4929375299474292
4916587509700838
5375249146135537
5469174795302401
5357464831229196
4716095342530067
5419639413151985
5365207856027718
4929471853883893
4539295063523326
4716112652427139
4485244416051688
4539466184084874
4485549181183759
5574121796680683
4532753331183528
4556479763757933
5373491662532190
5264994589597263
4929681801942993
4532186752113213
4716267704810177
5523501208238372
4916799777458185
5513711056082531
4485101976144529
4556577941936806
5346330688992075
5241570591466495
5404532882411427
4716125266620212
4929469284283006
4539772088928359
5352937709193375
5225662052424111
5291957572118287
4556372003273169
5561739384752088
4929400730037811
5185506398039331
4716637085874648
5246467584678530
5175431893776612
4556910361676398
4929273137634021
5490036915308530
4539020951709278
4539994115171866
5327360183042566
4916788253760396
4716786788495019
4556575465755677
5413481430803777
4916129094480060
5160262375526077
5594794809484669
4916009389412335
5208418056208120
5363343250678939
5235755719870946
5342325826002377
5203132944363782
5582275772467315
4929537029264315
5339100427622252
4556177165882842
5333298790268590
4916066663376230
5262380778444800
4916785598381128
5525187363901406
4485461614941003
4929550622967986
4929347114366268
4556162882924549
5313093482248651
5287765941145691
4556099400860468
4929811014234710
4485634669347850
4556965291703217
5170595948223864
4532252180919264
4532669522238873
4716985920204749
4556846924229061
4716452629185646
5381401416552204
5488913665492173
4716210807615325
5414026441086927
5436583156919563
5538781066180451
5355071780855103
5116964629230423
4929277420898573
5386723008095762
5420426828728954
5136115229241296
5363462730017698
5344253202335229
5187229324441806
5108917057552627
4929501687628310
4485048406536917
5421111827673042
5582992074945737
4532559538273818
4556826051452413
4539459569247638
5375578093441633
5329154621082153
4556695128969216
4929169330136998
5489833483779263
5354233992801751
5452523946578906
4556267189518009
4716327907428803
4539420203378304
5261821862214204
4716643683084036
4485608498529391
4716403470346530
4532357773197275
5226145466939907
5176035691320231
4539828193980477
4539241951230541
5197311436114071
4716821449712849
4716224347652060
4716235258803930
5554918172432579
5413053595443556
5493029405933591
4716034738832910
4556308535271966
5286637565344887
4532199754281359
5296224508669304
5390162865846211
5198104953108678
5385166485758141
5155244322066552
5546458979543261
4716180592008202
4716387160279947
4556401366107936
4716826706850182
5504647976612299
4929691410490532
4929718876098457
4929027879873886
4716154643775432
4556032558678531
5191730581232758
4532236936462463
4532878065585810
4929761252885402
4916757446943581
5284366373027763
4929344271627251
5494518782102415
4916147337339240
4485564070856159
4556816549586799
4532023273104985
4556613582610754
4532179243363901
5494593791758531
5190797632167391
4532892724792477
4916182731366911
5389733392773053
4485866512496134
5429797880938678
5375128175689632
5488011632996879
4916381546461061
5356046892757297
4556502020256389
5590486641218066
4929433793877021
5210444636121852
4485999499215951
5579745224649475
4916354066580206
4485028415580494
5509020783033379
4556830964372551
5293423288759052
4532359902320141
4539545098742915
4716395421432304
5273714669247590
4716174139978498
4929501201702849
4556236100220532
4929269151353480
5339498562256997
4539298258726357
4485134930708832
4532029432050803
4532862421921687
4929761778875283
4556532105954145
4929622398944182
4916242594585427
4556846927286944
4929663146153791
4916668417782512
4916817380301855
5248297661944176
4485918475245659
4556635488623581
4929405696625178
4485460588492167
4539034670256487
5379853444729044
4485279073402931
5164132031851100
4916804902634054
4929401003625340
4929633610244194
4929152967597872
5318004643034364
5204846157391920
5358052758347379
4916334033938273
5451361471437946
5466786207097957
4532280499380134
4556093213025815
5296476598855702
4485517969981108
4539180493941589
5381553814131245
4929894615921877
5498574264664550
4929515649663983
5548552356460350
4929238605797113
4929233234399100
5364374601669201
5549050366083907
4916297507970710
5552007173240744
5404085492337664
5488975101915422
5587440365550811
4716720839922986
5597360100132311
5338702283075508
5458759740596397
4916110166110744
5160043712655468
5515063966590510
4556458430143487
4929408866587269
5367421986178246
4532845098843839
5209898050661862
5254240621858897
5222444872159984
4716707597132205
4539591722121407
4556035252479049
4532922192774879
4556462632844223
4532971527831599
5351755615858985
4532921339983856
5234974555824799
5466709708115607
5217169941544869
5167387864120125
4716875873018479
5519087779471127
4532819017933989
5397675485196470
4532943470566720
4539382582727438
5567092363874240
4929200484229170
4556146894595181
5167571897555155
5540908763922689
5184888146423053
4929404049682036
5394476038048208
4929626768812234
4539805876111646
5190079251556596
5350348151728589
4916303309038704
4929554728135803
5575652126088857
5510863703059579
4716151791943861
5452959613607208
5436779003992270
5497925399608683
5204181096809976
5497125586711420
5575452920761159
5284543724542795
5365820949412943
5114669487715702
4716107940090079
4485281231135098
5520665546129933
4485076083483426
4929828988773283
4556543309229028
5321509071442371
4539601067786845
4929478764516074
5362449874930928
4556001235995824
5527832297837907
4716024758762733
5106734484794876
4716015427790246
4485622842972041
5484501437793400
4556523673385804
5519781126305489
5382073318512435
5566967457831548
5477401501632197
4556278058710940
4485382822320733
5222463151513133
5427770566332583
4485672464296369
5344016405907437
5233119232430914
5281850260772964
5257335872840300
5479153233761905
4539724590590136
4532531334462663
5475443478658443
5259494715266385
4485477819301850
5523616555625888
4556843844550452
5140499308852460
4485828021417670
4916474919631921
5427800942243343
4539409526011817
4532468523592895
4485316485121731
5395922218909882
4539830883387450
5567968289849111
4916270229134436
4929289256551234
5349681476243338
5219404988771002
4916960016199580
5542095009619473
5117577598366660
5376532543405127
5369486597340152
4916819904907662
4539824734132983
4916965897506696
4539517500591982
5158152218507364
5441746384653550
5531951527762802
4916485265460558
4929951727995858
5521905187671358
5562859193643465
5277496705458185
5318977196607134
4539514579158629
5253286364291243
4539229369225864
4485429488634020
4556522505750235
4929990525522944
5241522217296897
5575128168633678
5489209809851906
5394120574985288
4556083623619422
4485375379646476
5207260366875755
4485449649665374
5246517917319366
5596958275320420
5575117901209748
5597571574028443
5563564049854006
4916087326137611
4485948834425510
5487204034953843
5169666647216088
4556235878989724
5219494029573541
4916051166959666
5589800081281686
4929148621736062
5383416983752761
4556568076154083
5175549825146420
4532429278816137
4916026363506734
5349379251724347
4485624411065801
4716093955608320
4539742996414537
5270448283944224
5204718219974458
4556925353616970
5243387159151189
5161065831116113
4556149127515828
4532703850649698
4539205586147792
5186863137136624
5272556797822260
5504402227362017
4929919754637503
5151359005450529
4556006230091990
4539626694416284
5583193913736440
4929481414693145
4716726363334316
4532763026367328
5452767376806200
5568934319774983
5591353856134900
4539390176362462
5145226205437847
5407294241842746
4929675694446104
4929793437851975
4485942025638486
4716279796629779
5432879436052249
4716260092827226
5300110004140441
4916236250307498
4916142901222138
5499491534564495
4539004716324425
5501017374978176
5442459439871453
4539732585458078
4539724578478049
5591634430678060
5306806991793886
5589380719910782
4716433127011211
5346463375581842
5120007889963152
4929525645902574
4539464279173348
4916406188962488
4532408086611393
5298017766141307
4916979471641308
4539509190846040
4556918595002372
4929610965894005
4716106731037455
5218978412964482
4532484181933610
4929637906649594
5142483611207594
4485161243422751
5313704166672426
4916664848440804
5315159333149691
4532066883226557
5283755636560266
5456448974588401
4716032844857359
4539886766588895
5321687206443728
5509080093214044
5117799089249623
4539530066510601
5388465171182278
4716219444587185
4556500058628719
4485449052278095
4916125523259943
5545697792295135
4539980226614498
5284726365919956
4716591859332152
4485970138694617
4539266906851513
5552367230660262
4539674196168433
5392322075373459
4929036600272144
5573414142391050
5196395423147674
4916423799113591
5237625966324061
5389287909501440
4929530489850970
4929182535629832
5398576157711720
4556853768807267
4916354046193906
5577450327409941
5121275746221192
4539293753866162
4556474594404565
4929796433351254
4485813978021568
4539915216560046
4485234372797069
5323409169880327
4916860902281205
5333419354549973
5240958676710591
5503634610273713
5180064752306875
4916370059617417
5141201000835648
5396178259966906
4556383795094325
5424540457095083
4556762979764391
5208344728398919
5425991163320886
4485339073438770
5276404664278918
5406483949442401
5485917575737398
5489225009179658
5583510436092011
4556281146460908
5555693635483167
5246632538037402
4716799182732671
4556314816378744
4916234780877502
4716212243298039
4556716183985366
4916496101702194
5438936498970975
4916539906984879
5184360026612742
5160184516494025
5527832563964997
4916879057368609
4539105478840688
4716376528601926
5126395230909345
5461050330950714
5409372313762659
4539629659448789
5138551731756827
4485338148844525
4539389553576900
5580606981941157
5302139894435478
4532576214303214
5113424607714321
5434844582490625
5470881717031101
5176642066024072
4485582294240653
5246058914669529
5184454282015961
4929837256374427
4716576083049896
4539392021348837
5167275949198085
5470169586731021
4556203893563411
5429343219331911
4532492652582824
5315534419579864
4716195737809553
5135268461105892
5306639631294928
4539889449244936
4539546435297092
4539743591541146
4916932931383656
4556745846631984
5322944229409965
5303526095849300
5530819537537657
4916124782258019
5229126070724890
4556622044456813
4929124662559119
4916873394753425
4532716546525999
5305584670978158
4532764751988452
4485343483199519
5256956715778752
4929717663327491
5516447598811452
5506045979349233
4929155668725395
5114671985604198
4929897074375972
5218251836887915
5468254977336731
5215213502466153
4916794691049343
5474976347577618
4716355293856865
5574207825165679
4929205780149824
5171691754550398
5479376004236233
5253603998201879
4539490866609956
5148838751135869
5265086996451884
5113762466982665
5398380085383466
4916967962373929
5118002217536824
5141183270981346
4929772654814338
4716110511351979
5111671337382991
5202103054248726
4532683632841856
5186145571688454
5171268799003483
4532141095444015
5446086352527600
4556749235523174
5113971370424314
5345688326485005
4929595053366802
4539052423384539
5531454953649882
4485322423213382
4716968303274091
4929634712498605
5597444785713098
4929070734661948
5127502115961908
5594633049603292
5473504988043152
5484602197820910
5226217118083986
4556076725361711
4916814127888831
5589082834558740
4539683942240941
5424533299222866
4485660941516509
5193660225635769
4716265779387477
4532393380138766
5395156130701529
5430523586160475
4916038486702835
5300488135546292
4929474269981566
5130649023003235
4929055747227902
5149156914698239
5591947436266098
5112777003714638
5510572458506359
5248456577912129
4716187707766111
4556934675595995
5296287863810060
4916767030107584
4556692038284356
5432946510362909
5197050729728201
4929601157899654
4485499562514463
4485574601981467
5385132631390312
4485609591292267
5150151898711799
5282322947679243
4556980159137911
4716463002870076
5196819414157590
4539015670722131
5464367972906151
5199955088381038
5544436066643220
4916088953985231
5215186205661546
4716251350267627
5262475466537863
5272592617305111
5205875531938592
4556654511281622
5417502315502501
4716877156491985
4539700709399965
5403550932135896
4485312346318384
5296671748416955
5268851501457677
5114718058111898
4916865453895758
4716252294267376
4556287965543195
4485770284769753
5248777464305121
4539080134459696
4716528850230308
5344544168862887
4485772314751496
4532137662738359
4532514738335933
4532071731465258
5476210871162904
5384791510138323
4556121835746516
4716521969430877
5397182377775438
5113643685243651
4532090448382143
4485435632924142
4532130916290418
4716896496148774
5425384424636524
5210580571888078
4929648906398272
5149803277402655
5406515816991448
5227590103101610
4929128291769585
5189890801894060
4539955337380379
5286440111724334
5117921975789468
4556146076024059
5485019190523269
5254882596379993
4716373671935714
5378053337705448
4539005378076823
4916148551666243
4716473581568785
4485193239960650
4539720290291538
4916952892410959
4532104675849458
4716720635894652
5455573573371395
4929020978221685
5422828788032343
4532523873703003
4532695131900116
5338966327274183
5305768577024493
4916615079228771
4916394930319290
4916647645526818
4929909001556978
4532961994421917
5461291431063896
5518000561775887
5258324742625801
5113668230129824
4532434340896075
5214382411567186
5554580607868569
4916789679010606
4485530663002261
5467315183198800
5295469600110431
5116100624930945
5551412357841435
4916934777036828
4532070687039869
4532129300771785
5253892381251340
5537001093978194
5510635232576590
5316316994358941
4716954236260183
5438407960930905
5465566395912568
4929698001334557
4532262547128723
4716534326726630
4539686298772144
4929360572951216
5560416273964311
4929730285403970
4539946916569581
5134173635918041
4716836460352382
4916727450673069
5218105713926321
5482275280345608
4485574548136035
4716289737575478
5573129224286172
4539708935071878
5320779828033036
5113123866309761
5593673545188118
4556765555421716
5380455690040436
4556228859241330
4556429410638630
5503216578255930
4532906869259934
4556714819757101
5471724790841302
4716397484547366
4929814626733244
4532754206008451
5584019710497630
4916631247978890
4916643660565658
4539493164598921
4929207776053788
4929221576502720
5361395136098494
4532420401698211
4532178857805298
4532560970928620
4532713400135684
4929584095892041
4716012809256151
5385304580705390
4716619470632682
5379232174269465
5189126375071961
5241737369336495
5377599496975207
5459518956074948
5175013475267887
5344877384771585
5474701802504943
5246621875967255
5257340967565226
5248988338950386
4532570325614122
5128503924044877
5171910242983981
5116588446477865
5347266617358815
5149088162765669
4716743916474051
4532477294062673
5473249760859819
4532075515394758
4539720837330955
5446221606659202
5191490124223919
4716782421569419
4532875164067435
4716082070245860
4916710840528169
5376714669043847
5183662985003438
4539925623250719
5287129599475829
5432426499791071
5188434652886932
5332750789659800
5248492983693201
4716170047742794
4929180260182258
4916224378208830
5144333564590041
4532830961644324
4556761877355260
4916692834280421
4916242323294531
4485571399022165
5356325993481993
5508301620139566
4556655287523386
4929288289218902
4556901486606667
4556572232262723
5507321541825060
5431072815695934
5451209789141595
4532888096726861
4929309972541309
5368450721918367
5235844583389223
5573129714861195
4916502176709442
5552602375400201
4532257039367581
5177916562305691
4916189523541189
5358248811294745
4916560315336170
5228313158089419
5530722675103508
4916795974511669
5190972027397479
5386773462315339
4716107498524891
4539861867701176
5315004874422281
4539020226631182
4485964841280160
4485956676628190
5579389077837737
5276055434792719
5409641263645050
5154794332454165
4716265653031324
4532101198498029
4929610018183265
5515686222711130
5515498114611554
5221927873766410
5213116274785456
4532975847929959
4532904062212172
4716271947687319
5526651388075248
5426586469687654
5115028553924095
4556427665825852
4916754256551869
5314977579202580
5321259955721298
4485509160739575
5295326535039384
5270054787920239
4556728489567558
5356842499124166
4485714575202215
5273617660954066
4929758202933340
4916692721316742
4532445610599835
4556302980453583
5171378819235310
4556104299299537
5532938401388811
5199995701699440
5166118795011054
4532247540589716
4716290658330349
4485094758250038
5176387285608632
5370021463314960
5586233407838968
5164749904530345
5130697010329733
4539923687598214
5557167517761089
4929775169946248
4485049435293736
5553148371059590
4539455315109817
5317868035083085
5582811242323405
4716597275161364
4485769815459215
5549861114541032
5401036228730568
5440275386481597
5330076032159493
5229035291101327
5190458534711147
5251813975288839
4532388534056757
4556527440052738
5428389588363929
5226062730905772
4916178524610861
4532787623937084
4532138032430917
5149657378698268
4539745422752602
5535314268718945
5492794807280666
4929369195369474
4929416944460045
5517006987297803
5532999813239281
5373358785294588
5436832522368454
5150424540880829
5116781688851984
4716887570096583
5230075334139592
5557644759859235
4485264249481209
4556020153466600
5572070602405979
4916420760836812
5262386446856036
5214510251357926
4929297900395650
4485195756617324
5373055183803388
5332449785907046
5512567923769150
4916345934360060
5171504868747067
5272338159941610
4539656259539147
5126160233448950
5585501071034481
5453076845159723
4532813967703054
5142201858255633
5283121393770525
5270116709208165
5280187949987643
5457068135430720
5456489750982632
4929718751380145
5215757077421779
5557028353770859
4539233276972071
4539289367341212
4916203368537770
5109955329944197
5338993620036978
5283818094973114
4916966808311259
4556038779883982
5449319911827394
5521883760054567
5429161426736718
4539399984726297
5487079352227271
5239674366777591
4716274660650621
4916886847491872
4532780687098604
4929084557271461
5414034662127453
5596323196419175
5281258267189630
5215168119428519
5135063018198239
5116457174222051
5277037857857335
4532676730680143
4539333089839119
5531633210795444
4556029691768385
5418173230625618
5559386317376314
5140150020318591
4556589598961813
4556851697470165
4929089313140975
5552191820850624
4929702852746347
5459711225527537
4485760944914071
4916353662865276
4532159250872713
5528260676459748
4485960029218899
4716752736212500
4556512659698256
4556723504742435
5241110260862508
4716530789990440
4916765496922231
5495113367213560
5292216304562620
4539907262528894
4532517863502318
5335731229735522
5272233544111187
5279886110357907
4539124341375723
4929271250493340
4539974371891878
5483873702206595
5543202470270260
4716108599596606
4929548163738006
4916609305051842
5518594666815937
5123562863634598
5568973719108632
4485661953821027
5478967594136204
5238409782689778
4539388595751612
5506058705743454
4556274844127531
5438771448130069
4485510931211712
5379544424723079
4532446073835724
4539177844432151
4485603338856872
4539352332781597
5124676335490543
5416750921988892
4556428630788456
5202383531693807
4916521379087430
5376735346728252
4916295040163389
5280893442027551
5578531245514216
4539301100411713
5468867080563329
5325587019067431
4539016577025800
4929911267623005
4532643943838306
4485215660560830
4539373976229685
5237264335735128
5473368583240435
4539514336454758
4716236905409758
4485992237308436
4556507890898046
5481726474915839
5194765555150187
5196028713451619
5588847502724027
5505132516226891
4716134229243682
4916012217068295
4532850495435312
4532849579803155
4532468776188367
5590122371287597
4716600636753786
4532943169374972
5277881282523586
5288356807118623
