80.7
87.7
53.3
60.2
55.2
82.4
81.2
79.1
102.3
101.2
102.4
86.7
96.4
70.7
78.7
78.7
87.3
111.8
92.6
68.3
66.6
89.7
86.3
100.2
96.1
96.1
110.7
50.1
80.3
77.9
68.7
62.4
85.5
97.2
98.0
86.0
83.6
90.4
82.5
95.6
83.6
72.8
82.9
102.1
67.5
74.1
85.1
81.7
50.1
58.8
54.6
70.0
75.1
66.7
85.0
102.3
86.6
84.5
101.2
84.2
95.8
69.0
96.6
88.5
98.1
89.8
66.0
53.7
65.8
79.1
104.6
85.5
84.0
97.0
74.8
106.7
100.5
67.5
93.5
85.8
98.6
58.5
67.5
55.3
95.6
106.2
69.8
89.3
85.7
83.9
100.6
102.7
73.5
81.6
112.1
51.4
91.1
72.0
99.8
66.5
101.5
76.6
69.6
77.0
58.4
82.1
67.4
70.9
88.2
83.7
73.5
57.6
90.7
65.9
96.4
75.8
80.2
58.1
86.9
93.5
76.8
51.4
97.5
88.4
81.2
74.7
67.6
84.1
76.4
86.7
76.3
74.3
81.3
65.8
59.5
81.1
91.3
69.7
101.6
72.3
103.6
63.5
104.4
88.4
59.9
95.4
78.8
75.0
56.7
64.6
81.2
87.3
82.4
101.1
88.5
65.0
95.3
78.7
103.6
63.0
78.3
67.0
81.2
75.4
88.4
91.1
102.4
93.8
94.9
51.7
77.1
77.5
60.7
73.9
94.1
63.0
70.1
54.8
63.9
68.5
86.9
97.3
51.9
86.3
79.0
100.5
79.9
80.3
64.4
67.2
71.7
110.6
101.7
96.1
81.2
74.4
75.3
53.8
79.6
64.4
69.8
69.4
61.1
81.7
87.0
53.5
92.6
103.7
73.1
96.7
87.9
59.1
103.3
68.6
92.7
85.0
95.5
84.5
86.1
86.5
82.7
82.1
86.7
96.0
70.5
106.4
76.6
74.5
79.7
64.1
67.6
82.9
66.3
92.7
84.8
86.6
99.8
77.2
72.8
105.7
64.5
64.9
48.3
58.2
82.9
89.8
106.0
70.0
69.8
86.7
100.0
95.9
74.8
64.4
96.0
78.1
74.9
48.9
88.2
69.0
58.6
89.4
82.2
54.7
59.7
107.0
82.3
52.7
91.9
108.1
88.5
101.0
93.1
95.8
83.1
98.8
63.1
92.1
65.6
85.1
71.3
54.4
94.3
47.3
66.2
56.0
89.9
102.5
81.0
63.1
116.8
80.5
67.5
51.2
74.6
114.2
65.8
72.1
48.3
48.3
90.6
68.9
51.8
66.4
77.3
104.9
100.2
79.8
72.2
110.8
77.1
58.9
111.3
78.6
69.3
90.1
96.9
96.6
93.5
96.8
90.6
56.8
99.7
105.2
96.6
78.1
115.5
85.8
54.8
69.1
94.4
82.3
93.5
60.0
102.3
87.2
70.1
101.7
72.0
94.0
77.2
82.2
82.5
61.5
54.8
67.2
106.3
56.5
64.9
81.3
88.8
56.1
90.6
60.0
92.9
78.4
64.2
78.3
70.3
101.5
83.7
67.6
79.3
76.6
73.8
72.3
95.2
74.0
83.1
110.6
70.7
87.3
98.0
89.8
76.2
78.7
65.0
84.7
59.6
66.6
72.5
111.6
78.9
49.4
101.3
91.7
111.3
78.0
87.5
70.0
70.3
73.7
51.6
71.5
64.0
100.6
82.5
51.7
104.7
98.9
72.2
71.6
86.5
87.7
62.5
69.3
82.4
113.9
90.1
79.7
77.5
92.4
66.8
78.2
82.6
49.3
105.9
102.3
66.8
78.2
83.8
80.3
100.3
56.0
81.7
91.6
69.2
71.3
68.2
86.1
70.0
107.2
74.8
68.6
86.8
65.3
93.4
101.4
105.3
68.5
80.4
98.3
71.1
57.5
62.1
57.7
96.0
89.8
88.7
85.9
78.3
56.9
73.5
91.7
88.4
107.1
66.4
102.5
94.1
94.7
63.7
92.3
65.9
76.0
79.2
112.0
104.9
65.9
88.3
71.6
86.5
66.8
107.7
59.9
88.0
65.3
77.0
88.2
53.1
93.5
60.0
79.6
82.9
47.9
82.0
95.3
84.0
66.4
57.7
100.0
84.8
58.3
104.1
52.9
83.3
64.2
101.8
57.3
80.1
82.7
98.3
77.5
71.8
77.9
95.4
75.4
85.1
105.8
54.5
94.7
68.7
76.1
82.9
64.8
57.2
112.3
110.8
75.1
112.2
77.6
92.7
97.4
98.4
69.7
97.6
103.6
73.6
67.5
96.8
77.7
61.2
87.3
67.3
90.6
111.6
90.5
94.1
91.8
60.8
84.7
101.4
82.3
82.2
92.5
87.7
74.9
58.6
108.1
75.8
69.2
95.4
98.9
98.3
90.4
114.7
98.9
77.2
77.2
50.2
74.9
64.4
73.2
94.8
83.2
87.5
79.3
93.7
79.1
73.0
86.1
106.5
63.3
99.3
62.4
92.3
72.1
73.3
91.8
83.2
84.6
84.1
86.9
103.7
87.2
93.2
55.8
103.7
85.9
104.7
62.2
81.2
97.5
87.3
72.4
73.7
92.1
79.6
101.0
113.6
86.5
70.7
99.8
65.6
64.5
73.5
78.1
88.1
77.4
75.7
78.7
79.7
79.1
69.0
68.9
108.3
101.4
96.3
94.9
92.2
82.6
89.5
63.9
97.2
52.1
91.7
100.4
84.7
99.0
101.4
91.5
63.0
58.6
83.5
70.8
94.4
56.5
70.9
106.7
86.8
100.8
83.2
81.7
73.4
68.5
68.5
72.9
72.5
89.5
109.3
101.4
99.5
53.7
53.1
93.2
100.7
47.4
99.2
89.2
101.0
50.0
71.4
95.7
74.2
63.5
103.1
107.5
78.0
104.4
78.9
115.6
106.5
80.3
85.6
101.8
89.5
62.5
68.0
80.8
84.2
85.8
91.0
70.3
101.9
60.5
80.7
52.2
81.0
85.1
75.6
58.7
48.5
58.6
79.2
63.7
59.2
58.4
52.0
105.3
99.5
91.2
58.7
78.3
74.1
70.6
88.2
90.5
72.0
92.4
69.2
70.3
60.0
66.2
59.8
73.0
95.2
100.8
106.0
97.1
90.1
100.4
76.6
57.2
55.6
93.5
92.5
71.3
51.6
84.1
93.5
80.8
89.0
82.7
95.0
69.1
82.9
62.2
94.4
104.1
65.1
104.5
68.0
74.9
92.5
83.2
65.9
49.1
103.7
56.1
69.5
81.8
101.1
61.7
76.2
103.4
101.5
97.6
67.8
77.1
76.7
78.1
92.9
84.1
70.5
111.9
95.6
66.7
77.5
82.9
52.2
111.0
107.8
74.9
92.8
80.9
71.7
63.9
81.6
96.0
75.6
76.8
65.2
88.8
66.3
60.6
107.5
100.2
91.6
95.5
60.6
96.6
107.3
65.8
76.1
88.8
59.8
102.8
110.8
67.6
77.5
67.5
90.9
61.5
89.4
114.7
66.6
101.3
104.1
83.1
113.5
81.9
74.5
94.2
90.6
93.3
79.6
108.4
65.6
87.1
72.0
99.6
79.6
70.7
92.4
58.4
54.3
76.8
61.5
94.5
102.1
82.8
65.2
66.0
110.7
89.7
68.4
110.6
74.1
77.7
73.7
65.0
98.2
101.1
73.3
97.4
48.4
53.3
87.0
82.7
68.6
95.9
89.9
97.1
68.1
90.2
80.6
95.9
81.7
72.8
86.6
76.5
86.7
101.8
82.1
73.7
103.1
71.6
62.6
65.9
93.5
83.7
60.4
66.8
76.5
84.3
77.7
73.0
63.8
87.0
93.0
91.2
92.1
63.4
104.7
88.1
109.7
70.3
79.9
89.7
104.1
92.4
112.8
94.4
63.4
95.6
100.1
98.7
56.4
71.8
76.9
69.0
73.9
77.6
87.8
84.9
89.0
87.2
83.8
66.2
69.2
97.9
66.2
94.5
89.9
104.9
91.7
67.3
83.3
86.6
89.9
67.1
62.6
89.7
104.8
89.7
96.5
96.8
74.8
49.2
89.4
74.0
62.9
70.0
106.9
84.4
106.4
76.1
52.9
64.6
87.4
65.1
74.2
63.5
51.1
66.6
95.2
87.8
77.5
81.5
75.7
68.5
96.4
53.8
87.9
65.1
64.5
81.3
79.5
69.2
78.9
82.6
75.1
112.8
61.8
95.9
91.0
78.9
95.8
107.4
98.0
75.4
94.9
96.0
97.4
72.8
84.2
91.9
105.5
96.2
75.0
98.9
101.4
70.6
69.9
77.4
81.3
86.1
96.8
101.8
94.9
74.0
65.4
80.8
98.0
72.7
109.1
101.7
52.5
82.4
86.1
108.2
82.2
92.0
89.1
76.5
100.5
101.0
101.5
80.1
102.9
82.7
57.7
68.5
90.4
75.3
81.7
75.3
92.1
64.8
52.4
105.9
65.1
116.3
94.3
88.5
74.2
56.2
51.0
74.3
85.4
51.0
68.3
90.4
110.3
53.2
91.3
66.0
77.8
52.5
99.6
86.7
55.6
83.5
80.4
96.4
70.2
76.3
45.7
66.3
100.0
83.4
67.6
96.1
58.5
92.6
102.6
89.5
90.0
66.1
79.8
67.4
46.8
67.4
78.6
54.7
101.5
111.0
93.5
69.7
108.6
97.0
80.6
60.8
96.1
100.7
92.7
96.1
71.2
101.5
84.4
100.2
80.2
68.3
59.5
78.7
63.1
73.4
90.5
95.3
53.7
75.8
93.1
95.5
89.6
115.6
67.9
98.3
109.9
73.1
95.7
64.4
73.9
90.6
99.3
112.8
107.3
90.4
84.7
111.2
99.2
87.2
80.2
60.4
70.5
71.0
50.4
104.3
73.8
59.3
95.3
72.3
94.5
69.3
72.4
68.3
94.2
88.7
86.3
56.7
92.6
70.9
97.1
83.4
77.0
96.7
71.2
52.9
102.0
100.2
79.0
107.8
104.1
91.3
106.8
65.9
77.2
85.8
109.9
82.4
98.9
88.4
81.6
76.0
94.2
81.9
108.0
110.4
103.2
99.1
91.0
51.3
80.5
94.5
102.6
75.2
60.7
53.0
87.8
52.9
62.7
87.8
80.1
70.0
87.2
101.6
75.8
92.6
54.8
102.1
63.7
89.0
86.1
107.4
95.2
78.9
71.3
77.4
72.2
100.8
52.6
104.3
87.0
96.7
52.1
69.9
88.8
89.3
96.2
90.0
71.8
65.0
70.4
53.1
111.6
65.7
68.3
103.5
85.6
78.5
107.5
101.7
97.0
89.3
52.7
82.3
89.8
94.9
91.1
59.7
81.2
84.3
91.8
83.0
94.3
76.9
102.1
96.8
92.5
97.8
71.7
81.8
92.0
98.0
97.5
63.6
109.8
91.3
106.8
104.2
85.0
83.8
57.4
82.1
93.9
99.7
100.1
53.8
65.6
61.2
56.8
80.6
62.7
91.3
73.9
72.4
65.7
64.1
72.3
71.8
79.8
46.1
97.7
96.9
94.5
115.4
52.5
85.0
57.7
49.0
65.1
68.6
81.7
87.5
110.2
95.3
84.6
76.4
104.7
101.4
114.9
98.5
53.1
77.6
93.7
102.9
62.0
51.2
84.0
64.6
77.3
66.0
92.6
89.9
97.5
73.5
98.3
87.6
72.9
72.3
97.7
54.5
81.5
69.0
91.5
49.9
69.7
108.4
85.4
105.0
60.2
50.2
96.5
60.8
56.7
71.5
74.6
56.0
98.5
79.3
66.9
88.4
62.9
109.2
77.6
80.5
79.5
83.0
112.2
67.9
106.7
55.3
44.4
81.3
48.1
79.6
72.8
105.2
94.4
99.1
61.1
100.1
59.2
81.9
91.4
101.7
102.2
72.7
93.4
72.8
87.8
75.2
90.7
60.7
111.1
83.6
70.9
70.3
102.5
98.6
70.8
97.9
76.5
112.7
71.4
83.0
99.2
90.7
57.5
103.0
97.8
113.6
93.7
66.4
87.0
66.8
68.1
92.8
66.0
56.6
79.3
81.6
98.9
76.5
70.1
101.8
66.1
60.4
96.8
98.9
94.5
106.6
69.1
64.4
95.3
59.6
93.6
88.0
97.7
53.7
79.0
87.5
91.3
100.0
62.8
90.2
63.8
88.3
100.7
62.9
90.2
71.7
69.2
81.2
88.2
93.3
56.5
60.5
95.6
102.1
69.9
69.7
110.0
84.7
70.6
77.7
64.5
73.6
66.8
101.4
68.1
112.7
99.1
100.3
98.7
77.8
87.6
64.5
93.0
51.2
74.6
114.0
106.8
95.7
75.9
93.8
63.3
58.7
100.9
100.0
99.4
71.3
103.6
93.4
87.5
101.0
52.0
86.0
59.4
63.9
59.4
82.8
71.6
92.7
67.6
61.1
98.8
90.1
77.5
62.6
78.2
94.3
69.7
65.9
102.3
83.8
65.3
107.9
82.7
83.4
51.1
60.8
75.1
81.4
64.4
51.8
115.9
85.0
69.1
76.3
55.8
75.2
81.6
80.5
68.6
94.6
100.1
82.1
90.5
93.4
57.3
97.6
65.7
60.5
92.4
77.5
95.4
82.2
68.9
88.6
88.2
54.2
113.6
79.5
85.3
92.6
97.0
84.6
106.2
57.2
86.4
101.7
70.6
79.3
72.3
84.1
100.2
71.5
87.6
109.7
80.9
103.9
87.9
66.8
62.1
64.5
83.6
90.3
60.5
64.8
103.1
62.0
83.3
73.6
89.8
95.0
81.2
61.4
63.4
76.1
94.2
64.1
81.3
64.6
109.0
98.9
75.9
105.1
81.7
86.6
54.1
72.4
82.0
60.5
87.3
67.4
52.9
66.7
96.9
81.2
71.8
86.3
70.1
61.3
56.7
65.7
100.1
73.7
103.4
73.6
55.5
97.0
67.4
83.7
80.8
108.6
68.2
62.4
65.7
66.5
71.7
75.2
73.2
68.8
63.8
69.6
89.9
55.7
57.7
65.5
87.6
96.6
68.0
60.2
70.3
82.9
97.6
87.1
95.9
79.2
75.4
60.2
72.1
85.7
94.7
101.4
82.5
53.2
64.5
91.7
55.7
58.9
70.5
77.3
74.9
48.0
59.4
75.0
104.2
84.2
77.6
97.9
72.8
62.8
66.7
92.1
91.4
51.0
89.3
70.0
88.3
78.9
64.2
89.8
56.9
87.1
100.4
101.8
85.8
101.8
68.7
91.1
77.8
103.4
74.6
88.8
60.9
83.2
52.6
68.6
93.8
70.3
87.9
87.0
93.1
93.0
63.6
95.3
77.8
73.6
94.3
73.8
56.8
68.9
72.3
77.1
79.3
113.4
71.6
50.6
77.4
48.5
58.2
72.8
83.1
83.7
101.1
64.4
87.0
78.8
52.4
80.4
81.9
65.5
81.5
108.3
64.6
108.5
73.8
111.5
110.2
74.7
57.6
80.3
83.4
67.5
73.1
97.1
100.8
69.5
96.8
61.7
104.5
88.8
88.3
104.1
93.8
91.0
97.0
83.9
55.0
90.2
74.3
55.3
91.3
59.1
80.4
99.0
92.7
64.4
65.5
57.6
85.3
79.7
105.0
88.9
97.3
64.1
99.8
96.7
75.0
96.7
58.9
90.0
69.0
69.0
88.2
99.2
58.3
98.0
76.6
61.9
65.4
52.8
93.6
55.8
107.1
111.6
65.4
67.3
56.1
73.4
88.3
59.2
66.8
110.2
84.7
87.1
96.1
58.2
106.4
88.2
103.3
64.3
87.4
82.5
61.3
70.4
75.2
75.3
82.6
101.6
61.6
54.7
58.1
49.2
60.7
67.2
93.7
96.4
71.0
88.3
77.9
89.7
77.1
72.4
78.7
67.0
76.9
72.2
58.2
65.4
88.5
109.8
91.1
75.3
80.8
59.3
102.5
87.3
65.5
64.2
95.6
92.1
66.5
98.1
86.7
83.3
74.5
61.8
108.0
69.8
47.5
65.0
88.8
59.0
75.6
59.7
59.7
54.8
109.4
99.1
54.1
97.0
52.8
65.1
78.9
104.6
59.0
67.4
94.2
102.3
82.8
79.7
61.2
75.7
75.2
97.6
95.7
83.6
94.3
86.5
85.0
81.7
102.3
105.3
93.5
76.5
89.9
53.6
58.4
107.3
98.7
110.1
77.9
115.8
88.9
87.9
49.4
82.2
73.8
93.7
97.6
57.6
89.0
85.3
60.3
95.8
79.1
56.0
99.7
82.1
76.6
51.9
80.3
107.9
78.6
100.8
97.4
87.9
84.2
92.3
85.5
88.4
74.3
93.8
78.6
76.3
73.4
75.4
103.2
92.5
64.1
91.0
66.4
79.8
87.0
72.2
68.3
66.8
89.5
74.7
71.1
109.2
72.2
57.8
71.9
115.3
71.7
86.6
64.4
92.3
101.6
94.7
75.6
55.5
65.0
78.5
73.7
91.9
90.0
87.6
75.2
64.8
84.6
81.0
70.9
91.2
65.0
74.0
76.7
96.3
71.1
95.7
80.5
57.0
79.5
91.5
76.8
102.3
76.8
94.2
58.5
65.7
87.3
80.0
83.9
82.5
72.8
100.8
62.7
80.1
88.7
55.1
84.5
91.7
65.2
104.4
64.8
69.7
83.5
84.7
74.2
72.4
51.3
108.7
100.1
71.7
75.7
70.9
87.4
103.3
67.4
64.2
104.8
62.4
98.9
54.0
108.5
95.7
81.0
63.6
91.2
100.6
107.9
57.3
85.9
76.3
82.4
68.6
115.0
63.7
90.0
96.1
66.0
100.0
95.9
73.5
101.7
78.5
60.8
96.6
102.1
95.7
74.9
54.9
94.5
66.5
92.3
86.8
65.9
97.4
114.0
96.4
82.8
90.9
86.1
67.6
63.6
83.0
74.3
61.5
74.2
70.4
103.5
80.0
71.8
79.7
104.9
81.1
93.7
87.6
68.0
61.6
92.1
54.6
98.2
96.7
102.4
78.4
73.5
81.2
78.2
88.8
83.7
75.3
91.8
88.2
98.0
95.5
84.1
94.1
58.4
67.6
69.8
86.4
63.2
89.9
91.4
94.7
102.8
66.7
102.0
97.7
86.2
86.2
64.9
56.5
88.2
103.9
61.1
71.6
75.4
105.2
85.4
100.6
63.0
54.7
96.0
111.9
97.0
75.7
62.4
85.9
98.3
89.8
73.2
109.6
58.1
71.8
99.5
58.4
99.9
90.0
66.2
73.3
74.3
74.9
92.8
90.5
60.1
102.1
54.6
71.0
77.2
62.8
67.5
60.9
93.7
95.3
65.4
92.5
88.9
95.8
86.8
68.9
82.5
89.4
108.6
74.4
74.5
74.1
98.8
59.8
97.2
69.5
84.7
68.2
96.1
95.6
81.7
101.4
85.7
102.9
92.3
71.3
87.3
88.0
94.3
64.8
74.2
91.1
112.8
108.0
49.5
109.7
76.5
86.9
103.2
78.8
109.5
61.4
101.4
104.8
78.9
68.5
76.5
94.2
93.0
95.8
91.1
70.9
103.4
85.9
102.8
108.6
63.0
82.9
66.9
75.3
53.8
94.6
59.2
67.0
68.0
90.2
98.4
66.5
50.2
80.6
110.7
76.4
56.5
52.9
92.8
75.2
67.5
103.2
73.7
104.0
99.6
56.0
60.2
80.4
62.2
92.8
95.5
90.4
89.4
72.7
72.9
96.8
99.7
67.4
67.9
70.4
95.7
98.7
88.0
112.6
89.6
100.2
60.7
93.4
70.7
71.7
62.4
105.1
106.8
79.1
70.9
103.9
105.7
54.0
74.0
72.0
98.8
90.7
82.3
106.7
74.8
98.7
61.9
82.4
61.0
56.0
67.2
77.8
50.2
96.1
73.1
76.6
74.3
67.2
72.0
82.3
105.2
100.6
96.4
88.8
84.1
73.4
83.0
79.4
75.7
49.9
51.7
97.7
80.2
65.3
87.0
89.6
95.9
71.9
93.0
58.3
76.6
69.2
78.6
65.2
65.2
57.7
54.7
102.3
82.0
103.1
97.0
59.0
82.2
57.4
86.0
71.8
95.9
103.8
85.8
67.7
82.9
89.6
91.5
85.9
75.1
89.8
85.6
80.1
80.0
83.4
64.4
78.1
73.8
97.6
59.6
93.2
83.3
97.1
84.3
73.7
54.3
86.6
94.6
109.8
101.9
52.9
60.4
85.0
79.8
100.6
107.1
51.0
98.4
69.3
66.5
65.9
87.9
91.2
76.7
78.9
65.2
61.8
82.2
65.7
106.0
88.8
80.4
98.7
91.9
67.0
67.9
64.0
68.3
94.5
85.1
73.6
46.8
75.5
86.7
62.5
78.1
87.3
93.1
103.7
103.0
112.0
78.8
91.3
101.7
102.4
99.9
54.3
84.9
81.0
50.7
96.9
51.9
83.1
101.1
91.0
115.0
48.6
67.5
77.1
63.1
97.5
89.0
82.9
107.7
67.6
91.7
54.9
79.4
82.2
65.0
106.2
62.5
65.4
76.4
79.5
86.6
83.2
74.0
90.0
104.1
53.8
73.7
97.1
105.9
101.4
87.4
84.0
90.5
92.2
67.3
76.6
71.7
91.5
76.4
68.6
87.8
73.4
97.0
101.6
111.7
95.2
62.1
66.0
95.3
56.2
92.5
65.8
66.4
75.5
64.6
93.9
79.4
98.9
105.9
73.4
117.0
97.6
92.1
97.9
92.3
100.3
81.5
94.6
66.7
78.3
87.6
91.8
104.3
87.6
105.6
81.5
79.6
105.8
91.8
99.0
97.9
98.2
67.6
101.7
82.6
87.2
88.3
68.6
82.1
96.4
84.5
92.5
87.7
65.8
81.1
100.0
47.7
71.2
66.4
105.3
108.3
88.0
100.0
54.0
62.1
93.5
103.4
62.3
100.1
62.9
67.3
88.7
79.3
86.6
68.5
77.2
70.0
101.0
63.7
104.7
60.8
62.5
66.1
91.0
95.2
76.6
69.1
88.6
50.4
78.7
78.0
63.7
95.4
86.5
90.4
65.7
80.8
60.4
109.2
72.6
110.2
68.2
99.9
86.7
66.3
69.6
94.3
82.3
85.9
79.7
76.8
66.7
66.0
104.9
92.1
75.2
69.7
101.7
89.2
82.5
77.8
67.4
51.5
101.1
74.2
89.4
72.8
85.4
85.8
77.1
49.5
74.8
88.9
98.9
107.7
96.5
91.8
77.1
92.8
86.7
87.6
84.1
111.4
89.4
65.1
87.5
96.0
57.2
91.8
79.2
86.4
85.3
57.7
62.0
90.7
65.4
94.8
107.4
103.4
110.9
76.0
75.1
54.9
66.4
90.3
68.0
81.7
63.5
96.5
52.2
77.0
89.3
58.7
54.8
92.6
72.9
56.4
80.7
102.8
88.1
88.6
57.3
63.1
61.5
74.1
103.7
71.3
112.0
79.1
58.9
86.3
96.7
64.1
61.1
77.6
62.7
71.0
71.8
77.9
73.3
105.2
63.1
76.6
92.1
96.6
87.6
107.9
91.0
79.1
66.9
85.1
66.6
101.1
100.4
84.2
60.7
86.8
97.3
95.1
86.3
50.3
68.1
74.8
101.3
105.2
91.5
83.4
93.8
85.8
89.7
57.8
66.6
75.2
96.9
76.0
87.6
69.3
83.3
83.2
79.1
80.2
65.7
103.7
55.2
64.3
88.9
77.2
91.8
64.1
73.3
108.2
90.2
62.3
74.2
89.0
94.6
70.8
57.2
51.9
83.4
100.3
85.8
101.5
67.1
93.7
109.2
94.3
60.7
63.1
96.8
86.3
55.5
95.4
62.7
95.1
67.1
68.9
92.6
69.7
93.9
89.4
98.9
94.6
86.1
69.5
92.1
103.5
96.9
80.4
92.5
65.1
64.6
112.5
55.1
109.5
88.9
80.0
101.9
77.2
64.5
67.6
61.5
86.8
91.9
91.5
78.7
96.7
85.6
50.9
79.1
67.6
68.6
94.8
74.9
70.0
49.6
87.1
83.5
99.8
67.3
84.9
68.2
71.5
70.4
98.6
111.0
50.2
94.9
86.8
89.9
54.2
74.9
92.9
82.7
112.8
70.5
80.8
98.3
66.2
95.6
104.9
61.6
63.0
71.2
72.7
79.7
109.1
48.8
93.7
78.7
65.6
59.2
63.7
72.1
90.5
72.5
105.5
100.7
106.8
98.6
86.0
73.0
75.7
65.3
78.6
90.1
62.5
72.9
52.0
77.7
71.2
100.4
52.3
69.2
72.4
94.2
50.7
90.1
89.5
78.7
97.4
69.2
56.7
101.1
100.1
94.9
89.4
65.6
61.9
52.2
75.6
89.0
65.1
86.9
77.7
70.4
108.6
91.9
83.0
67.2
56.5
79.5
57.5
102.8
99.5
65.9
101.0
74.3
99.2
60.1
98.1
90.6
87.5
64.1
84.3
108.0
86.8
88.1
77.6
100.0
95.0
75.8
67.3
100.4
100.3
72.4
86.3
76.2
80.0
94.0
68.9
94.0
83.3
73.9
76.6
85.3
112.3
77.1
59.3
102.0
81.8
62.4
105.6
78.7
101.5
57.6
98.6
66.1
80.2
98.3
103.3
93.7
51.7
91.1
94.7
81.4
88.7
109.3
97.7
84.3
101.1
54.8
78.5
88.2
69.9
89.4
91.2
74.2
89.4
82.8
105.0
90.0
73.0
63.6
100.5
80.9
87.8
75.6
75.1
71.8
48.0
94.9
90.5
88.5
98.2
89.6
97.5
82.8
99.5
78.9
101.6
91.6
112.5
69.4
82.7
107.4
108.9
98.4
67.5
90.4
77.1
101.3
79.8
85.3
90.6
77.0
66.6
93.8
57.8
115.8
91.3
99.6
57.8
101.1
87.8
60.7
71.1
101.2
59.1
92.9
57.5
96.0
77.0
65.3
56.8
74.9
88.6
55.8
92.2
81.0
108.3
70.9
78.1
100.0
59.0
106.7
79.2
80.1
77.6
68.0
63.1
92.0
66.0
82.4
77.2
81.2
73.6
64.9
62.6
67.3
73.7
92.3
78.2
91.6
83.1
92.7
49.6
96.7
88.1
102.1
48.6
105.5
71.4
81.4
90.4
71.2
89.4
112.1
77.6
50.2
77.1
70.2
64.1
88.2
87.7
71.3
61.2
79.1
56.7
70.8
48.2
75.4
70.3
66.0
82.2
81.5
85.5
69.4
95.5
90.3
105.9
87.5
63.8
66.5
91.0
96.3
49.5
102.2
93.3
84.9
95.4
113.5
89.7
68.2
65.6
97.8
53.3
106.3
73.4
100.4
79.6
95.6
94.3
49.6
65.8
82.0
94.6
67.2
74.2
78.3
68.0
84.1
79.0
71.0
104.3
89.8
78.0
58.0
103.6
63.4
100.3
81.1
87.7
82.2
82.2
91.9
50.1
87.1
51.5
76.6
102.1
61.6
96.3
102.4
81.9
84.9
75.0
58.6
72.0
48.4
84.2
68.2
55.8
98.3
73.4
104.2
76.0
101.8
91.0
105.0
73.5
61.5
61.2
105.3
101.2
65.3
94.7
80.4
91.2
52.2
98.5
79.7
63.9
108.4
74.3
73.2
59.1
96.8
63.2
46.9
68.7
84.7
84.5
104.9
90.1
73.4
103.0
54.2
75.5
78.2
51.0
73.5
111.1
76.8
87.2
85.8
100.0
63.2
61.5
71.9
86.8
70.9
88.9
90.6
80.2
82.8
72.9
95.0
86.1
91.7
54.9
61.4
80.8
69.9
71.9
100.1
79.0
78.4
71.4
80.4
78.8
52.8
98.3
95.8
70.7
83.5
92.7
69.4
91.2
80.8
73.8
94.5
99.0
98.2
71.0
95.8
63.7
102.8
86.9
53.8
59.6
109.7
84.7
85.7
94.6
95.0
75.1
56.2
101.2
109.4
70.9
82.5
112.4
81.7
89.5
84.9
69.5
64.0
108.6
102.5
85.5
101.7
73.9
63.5
65.4
67.4
92.7
65.4
57.5
92.7
92.8
111.3
65.2
54.2
60.7
70.5
60.4
82.2
73.7
51.6
89.1
86.5
82.9
81.5
50.8
82.8
99.8
83.9
48.4
65.6
67.6
102.1
95.2
100.8
65.6
66.9
99.5
76.9
59.6
82.2
60.0
100.1
92.5
63.8
90.0
69.1
109.4
70.2
77.0
111.0
53.7
72.9
87.0
55.7
99.2
107.2
68.0
74.6
95.3
66.9
64.9
97.1
102.9
100.4
82.5
77.4
75.0
68.7
97.8
92.5
70.9
50.6
83.8
57.4
98.4
87.3
95.8
60.6
62.2
72.8
63.5
62.3
98.6
85.3
82.3
68.9
100.2
75.2
76.2
53.9
90.9
91.5
81.6
61.2
93.4
111.1
64.4
58.3
93.9
74.6
85.0
102.4
88.5
87.9
91.5
100.6
94.4
83.3
55.3
72.8
75.4
99.6
84.2
70.2
113.1
67.9
95.0
67.1
74.0
83.9
65.4
81.6
99.2
111.4
58.2
74.1
50.7
57.0
93.1
92.1
83.2
85.8
105.7
54.0
102.0
83.5
81.1
99.4
88.8
75.0
57.8
109.8
69.7
96.5
87.7
81.5
67.7
75.7
71.2
96.5
73.8
109.7
69.2
90.1
53.8
90.8
72.3
51.7
56.1
71.6
74.9
103.1
60.7
78.7
77.7
71.6
59.6
74.0
83.2
89.1
66.9
64.0
52.5
64.0
85.6
58.4
76.2
108.3
68.9
64.9
89.2
98.3
105.7
99.3
98.4
111.5
93.8
73.4
55.9
76.0
69.4
67.9
69.5
48.7
88.4
93.9
90.5
64.8
54.6
98.0
98.9
83.3
54.1
68.9
62.3
76.2
109.5
85.8
93.3
64.5
61.2
53.7
67.8
82.4
51.5
75.0
66.4
105.5
59.3
75.3
62.6
89.7
59.1
84.8
83.6
82.5
77.1
69.6
87.7
80.8
115.4
82.0
69.7
94.1
71.8
102.9
75.9
52.6
66.3
69.9
74.5
99.8
72.1
104.2
92.6
78.0
92.2
100.6
84.1
75.2
91.8
72.5
52.5
62.4
59.1
110.0
98.6
68.7
59.2
64.4
58.3
55.9
92.7
62.8
72.8
71.1
93.0
52.4
93.2
103.5
85.5
83.4
94.0
105.4
78.5
89.9
61.9
107.2
85.1
104.3
69.7
68.3
109.8
71.1
97.2
90.3
93.4
93.7
62.2
50.8
73.8
61.9
64.9
110.2
90.3
54.7
91.2
83.6
58.1
89.2
66.8
57.0
101.5
70.9
105.7
70.7
97.6
91.9
74.6
94.3
87.2
98.7
106.4
86.7
104.6
90.6
87.9
79.2
89.6
63.1
82.7
56.8
85.5
64.9
84.6
88.5
91.8
78.3
61.8
84.8
55.1
49.2
83.2
71.9
81.3
58.9
61.4
61.9
90.9
88.4
99.3
100.8
62.8
85.5
57.7
57.0
88.8
87.5
110.5
63.4
64.4
77.8
75.5
73.2
86.5
114.9
65.2
108.4
73.2
64.1
114.6
91.5
68.0
73.3
67.4
70.3
96.2
85.9
77.4
83.3
100.0
111.5
51.0
102.0
46.4
101.7
57.9
75.3
104.6
67.0
86.5
66.6
68.2
77.9
113.3
101.0
48.3
73.1
97.7
65.9
87.6
65.5
69.5
73.1
72.2
73.7
87.8
63.3
79.1
76.9
55.9
110.2
85.3
61.6
98.1
92.8
52.7
70.1
76.3
73.9
80.6
63.7
54.0
66.4
92.2
74.0
106.1
107.7
58.5
91.2
100.4
57.0
99.4
92.9
90.9
76.7
66.2
72.3
80.9
61.4
67.4
101.7
61.3
85.0
100.6
52.3
93.1
82.6
63.1
68.9
66.5
83.5
74.4
65.5
92.0
77.3
103.0
76.3
103.7
97.5
90.7
89.8
60.2
93.9
71.5
78.5
93.0
99.6
56.7
78.8
65.4
69.0
101.9
71.8
110.0
89.5
89.9
100.1
87.6
103.8
47.2
87.5
73.9
78.8
74.7
87.8
67.3
73.4
64.1
61.9
68.3
88.7
69.7
68.7
54.0
78.8
79.1
85.5
107.1
89.4
84.0
86.2
88.5
102.8
69.5
75.3
81.5
88.7
67.8
108.4
89.8
54.8
70.3
65.9
96.1
66.8
69.3
52.3
106.8
91.9
91.8
88.3
81.2
104.2
81.2
93.0
95.0
68.6
100.4
52.1
91.5
65.8
94.5
79.0
59.5
85.4
103.8
87.2
82.5
77.9
100.2
82.2
94.5
83.5
58.1
115.6
69.8
88.5
67.6
78.6
66.1
72.5
88.4
60.5
82.1
85.0
60.9
62.6
89.0
78.1
81.6
86.5
94.6
95.7
54.0
79.7
68.9
80.8
95.2
90.1
73.2
54.9
62.6
99.5
57.9
86.2
88.0
63.7
51.6
87.9
56.7
66.0
77.8
76.5
79.2
102.4
71.6
93.5
58.6
68.9
83.7
74.6
76.6
96.3
54.3
89.4
65.6
84.3
89.9
70.2
102.4
61.8
100.8
94.5
87.1
96.1
100.4
99.0
67.6
85.6
82.2
92.3
57.5
67.7
67.6
95.9
78.0
79.1
81.5
112.3
87.8
109.7
100.4
75.6
94.9
103.9
80.5
105.6
59.3
56.3
73.0
64.0
65.3
99.4
60.2
88.4
97.5
113.4
91.7
78.4
58.8
58.2
111.4
74.9
72.7
106.0
86.2
70.4
55.6
109.1
83.9
100.4
84.9
103.0
69.6
96.1
75.2
113.5
114.7
56.2
93.0
69.7
72.5
85.8
70.6
75.2
89.4
73.7
53.4
70.5
56.0
74.9
111.1
51.8
103.5
84.7
58.2
109.5
81.7
106.6
102.3
63.1
66.7
109.1
83.5
57.7
60.9
113.5
71.7
66.4
78.2
90.5
65.3
96.0
94.5
87.7
80.4
82.9
86.7
78.9
101.3
79.1
88.6
113.8
104.4
100.6
74.8
81.3
71.5
87.2
74.7
100.2
103.1
83.6
86.6
62.3
80.8
58.2
77.7
85.3
76.3
83.5
74.0
66.7
70.4
67.8
83.7
67.3
106.5
78.4
80.5
91.9
68.0
94.7
81.2
59.8
66.8
87.4
102.5
89.4
110.2
82.9
106.1
88.4
59.8
78.9
66.1
71.2
74.5
103.7
85.2
95.4
78.7
82.6
97.6
60.6
108.3
101.6
53.8
106.0
61.2
67.0
77.7
114.7
83.7
100.4
90.4
100.5
82.7
84.4
91.3
84.8
85.2
74.2
69.2
67.7
86.6
108.5
75.9
109.5
72.9
84.2
91.7
104.6
55.7
65.4
84.9
110.9
103.8
70.0
74.8
113.7
70.3
83.8
67.6
96.0
70.5
107.9
60.4
95.5
76.4
74.4
72.4
74.3
102.1
87.4
61.6
64.4
83.4
63.1
75.6
103.1
93.6
114.2
64.5
102.7
72.5
76.5
79.2
71.2
48.1
73.1
79.6
80.1
78.6
88.4
97.9
75.8
56.1
90.8
111.2
55.9
89.8
109.2
58.5
60.3
89.1
94.8
51.4
68.9
69.9
98.7
87.4
91.9
92.8
69.6
89.0
89.3
50.8
101.5
48.5
67.1
76.1
64.2
104.7
82.2
57.8
98.7
106.6
70.1
102.9
59.5
46.5
78.4
72.2
81.5
88.1
65.9
64.0
80.4
100.2
84.6
88.4
78.7
82.5
90.3
61.2
107.1
50.8
91.3
87.4
107.3
50.7
85.6
112.1
66.4
74.5
96.9
85.2
102.9
91.1
69.9
94.4
76.7
94.0
93.4
71.0
52.6
98.5
91.2
62.2
49.6
83.0
58.6
97.3
60.5
80.9
73.5
56.7
107.3
57.6
69.2
85.7
56.9
51.8
71.2
53.3
77.7
90.1
85.0
51.7
69.1
89.4
100.4
73.4
90.1
76.6
107.8
84.5
107.1
88.6
97.2
87.7
88.3
91.1
100.2
84.6
94.0
100.6
110.9
75.3
94.1
85.1
65.1
100.8
99.1
85.2
110.0
98.4
95.7
60.0
94.9
74.0
58.6
88.2
104.3
56.5
79.7
93.8
65.5
101.1
68.7
94.9
85.8
63.4
103.2
103.0
83.4
79.3
51.9
72.2
84.3
79.7
96.6
107.9
97.5
88.3
66.6
83.7
66.6
113.0
56.7
76.2
59.0
82.8
77.1
87.2
96.8
60.3
66.1
107.3
97.1
71.4
56.6
64.4
66.5
80.4
105.5
93.9
87.0
75.2
101.0
76.5
86.2
113.1
92.0
52.4
79.7
101.7
82.3
62.2
99.9
72.0
76.6
66.7
104.7
67.8
81.7
77.4
87.3
55.1
99.5
75.1
71.3
79.0
77.1
68.6
79.7
56.6
78.1
76.8
75.0
105.3
76.7
92.5
64.5
103.8
96.7
50.9
57.0
99.5
77.8
74.7
81.3
96.9
55.2
108.8
68.2
104.0
72.0
93.7
56.8
73.3
106.5
87.4
79.4
74.9
91.4
93.0
86.6
97.6
70.5
87.9
84.7
64.6
75.4
61.7
73.2
96.1
75.2
50.8
62.7
73.9
60.5
104.3
61.1
92.3
62.9
69.6
87.1
106.4
97.6
65.6
86.2
101.8
91.5
85.9
50.5
69.1
55.9
94.6
69.4
104.0
83.5
91.5
94.4
62.8
64.2
58.4
69.4
82.3
94.0
65.9
66.8
89.6
51.9
76.8
76.4
69.1
93.2
76.0
73.7
93.7
85.4
68.1
100.1
81.1
97.1
76.9
85.1
89.5
105.9
85.3
113.3
112.6
74.5
76.5
90.2
56.8
84.3
90.3
95.3
63.7
77.0
87.2
77.8
79.5
54.4
61.0
71.8
86.8
52.7
84.8
100.0
86.7
87.6
91.7
100.6
77.4
82.3
86.6
98.7
89.2
76.1
65.9
69.4
49.8
64.5
81.6
69.0
60.7
67.7
75.2
71.3
81.2
79.2
61.1
65.8
64.7
87.0
114.8
102.1
91.4
91.0
96.1
54.7
63.0
52.9
67.0
94.8
83.4
104.6
75.3
103.3
58.6
54.5
80.2
104.4
47.2
95.4
49.1
109.6
107.1
101.4
58.9
102.6
92.9
79.6
74.4
99.7
89.3
85.4
59.9
93.5
58.7
71.8
72.5
63.1
80.9
77.1
100.3
70.5
84.1
99.1
51.5
76.4
79.1
87.3
88.9
99.5
77.1
73.4
94.8
81.1
49.4
61.2
67.7
81.2
60.0
57.3
53.0
108.4
87.5
94.9
52.2
68.1
81.3
55.6
73.0
90.8
108.5
97.6
73.0
68.5
96.7
93.7
64.9
98.9
62.6
89.9
52.8
101.4
83.1
68.9
94.5
90.2
76.8
74.7
86.0
108.4
74.7
59.3
103.9
77.7
64.0
88.4
76.1
96.7
99.8
104.6
66.8
112.6
58.7
112.6
97.0
54.0
62.1
93.4
77.8
68.5
45.4
57.4
76.9
74.9
61.6
97.2
62.4
112.8
110.0
86.6
61.6
64.7
56.0
93.7
76.3
79.9
73.8
93.4
87.2
54.9
50.5
46.2
84.9
54.4
63.8
64.2
107.0
53.3
78.0
98.1
50.8
113.8
88.9
95.7
82.0
56.7
103.4
55.7
60.9
66.7
89.9
77.0
68.4
69.4
86.1
68.3
109.9
90.9
85.7
84.8
89.9
107.1
89.4
65.6
70.5
76.4
100.0
70.6
87.4
93.7
99.6
106.9
57.5
108.5
86.3
106.9
97.4
97.5
70.5
86.6
87.7
104.0
70.5
69.2
76.6
112.6
105.4
82.1
98.8
60.6
63.4
58.1
101.3
71.7
71.4
114.3
78.4
53.4
92.8
73.5
75.8
71.6
78.5
100.8
96.5
82.5
64.2
73.4
63.5
84.1
104.8
64.3
79.1
101.3
92.1
94.6
78.0
101.7
56.7
69.1
114.7
112.1
105.3
87.0
83.4
89.5
63.9
72.3
57.9
68.4
69.3
63.2
81.4
85.1
101.1
84.8
56.4
94.7
82.1
100.3
103.7
67.2
59.1
98.6
102.7
68.7
75.7
54.3
103.7
72.3
68.4
81.5
71.8
102.7
72.9
64.3
83.2
93.7
74.7
73.8
112.4
63.5
87.2
87.3
90.5
112.6
52.8
85.3
77.0
91.3
91.2
93.3
60.0
80.4
60.1
101.6
98.3
71.0
85.3
79.5
84.3
78.7
115.0
51.1
50.8
74.9
95.1
80.0
89.4
97.7
99.7
68.1
82.3
85.2
76.4
68.2
57.9
67.6
81.1
86.7
81.1
95.7
55.5
78.9
74.9
54.3
82.5
73.4
98.6
100.7
86.0
87.0
101.8
93.2
75.3
55.3
62.2
57.4
103.5
60.9
84.6
95.1
107.2
107.7
92.9
77.3
80.6
57.5
96.7
91.9
98.3
73.5
76.7
72.6
69.8
90.8
80.7
96.5
95.3
66.2
67.0
66.5
99.4
75.3
93.6
95.4
71.3
107.5
89.9
71.4
67.0
64.3
69.6
68.4
81.1
74.3
100.4
73.3
70.3
89.1
71.9
78.8
109.8
99.2
87.6
96.0
70.1
95.0
80.4
72.0
84.9
100.4
85.0
113.0
63.7
55.6
65.3
81.7
81.0
50.7
102.1
107.1
109.4
107.4
66.5
63.9
74.0
94.4
73.6
74.4
68.1
88.8
108.8
84.9
102.9
82.3
69.3
103.6
63.8
65.5
82.9
101.3
72.0
87.4
71.7
105.0
109.3
97.4
84.8
100.0
70.1
92.9
107.2
59.8
80.3
91.2
55.9
71.7
75.3
88.6
92.2
99.9
91.4
75.3
82.5
87.5
106.1
73.9
94.6
87.0
82.3
69.0
60.2
109.9
73.8
72.9
60.5
71.2
96.5
92.3
84.4
82.5
66.3
53.6
100.7
71.1
75.3
98.5
98.9
83.5
80.3
86.9
71.2
75.1
75.7
77.0
76.3
111.3
106.0
64.0
86.9
78.1
70.4
108.8
104.3
66.7
113.6
73.0
69.7
99.0
88.2
105.0
81.8
70.0
99.8
88.8
88.7
54.1
68.2
112.7
102.3
90.3
63.3
85.5
102.1
67.1
103.4
96.7
102.9
79.6
59.8
84.3
101.5
105.6
84.4
93.5
88.7
53.1
108.4
76.5
103.5
73.4
77.5
71.0
62.7
108.3
86.9
115.2
69.0
102.5
59.0
64.6
78.9
100.6
79.3
106.0
57.5
89.5
68.2
96.5
91.4
84.4
68.5
45.7
92.1
81.9
83.9
67.7
103.9
47.3
90.7
81.5
68.3
72.4
95.8
69.5
77.1
101.0
64.8
85.0
105.2
86.7
84.6
73.1
87.9
75.6
87.1
102.5
63.0
66.0
73.0
90.4
69.1
95.7
104.0
104.2
61.6
78.3
88.2
92.2
94.4
97.6
108.0
60.9
68.1
80.8
98.8
87.6
89.0
92.4
77.4
101.9
96.2
73.3
92.9
87.2
112.0
100.6
75.3
73.9
101.3
58.2
59.6
66.1
51.3
51.6
63.2
90.5
92.5
98.6
98.8
84.2
93.0
82.3
67.1
97.1
69.0
97.1
93.2
79.5
63.3
78.9
72.7
94.5
115.0
78.2
87.7
86.1
59.9
113.0
91.3
116.4
92.1
52.3
85.9
90.0
56.4
99.3
92.8
88.0
88.5
85.3
104.0
71.1
74.6
61.0
111.5
84.5
69.6
93.7
105.1
102.2
83.4
74.6
96.8
59.8
101.8
98.5
89.6
98.8
94.0
101.7
110.7
79.7
76.9
61.5
77.0
90.6
65.2
88.0
61.1
100.0
95.4
87.2
64.2
106.2
69.6
98.9
102.3
77.6
90.4
74.6
68.2
82.9
100.1
