4.774101
5.701145
3.985827
4.400485
6.17785
5.433209
5.55535
3.97193
5.287733
5.926082
3.584585
4.941305
4.241414
4.145144
5.050154
4.657567
5.389004
4.185366
5.297806
5.088537
4.925419
3.318087
2.784671
3.527353
5.469599
5.298225
5.181053
5.039043
4.436882
5.273058
3.016743
3.899374
5.198372
3.25993
4.3761
4.821721
3.992815
5.604031
3.167743
4.243919
4.631833
4.884406
3.321748
4.640326
5.151951
5.752869
5.321766
3.656182
3.742381
3.687902
5.541525
3.282493
5.404647
5.155784
3.59606
6.013142
4.447153
5.261775
6.107846
5.669172
5.85936
4.682507
6.192518
3.84929
4.154258
5.45295
5.076286
4.654648
5.581373
5.062712
5.095432
4.9144
4.235572
4.394731
4.413414
5.305028
4.479958
5.381121
4.140879
5.50256
4.442955
4.722694
4.767324
5.453056
4.574351
5.394821
5.201989
3.871845
5.98974
3.294801
4.864252
3.439892
4.584247
5.091428
4.56162
3.347942
5.151754
4.286562
4.875958
5.230231
4.997385
5.520575
5.491668
4.231773
4.361722
5.093949
4.353294
5.178139
6.199034
4.372038
4.820119
4.180025
5.671572
4.390167
5.455395
2.874219
4.425178
4.373715
3.967621
2.989024
5.55569
5.458065
4.732401
4.659197
4.424115
3.879604
6.100217
2.696586
4.906275
4.127862
4.897416
5.578465
4.247007
3.869125
4.731993
4.201321
5.104571
3.601265
4.372809
5.1974
3.794879
5.37664
4.356552
5.779926
3.970482
3.699553
4.08641
3.187773
3.674162
5.088261
4.9321
5.5931
5.680277
3.129354
5.056161
5.273764
5.939214
3.748947
4.630846
4.161283
4.940537
4.740233
4.273597
5.407723
4.992856
6.080734
4.019542
5.485588
5.370847
4.238148
4.340308
4.272712
4.244551
3.927329
4.611538
4.611885
4.112695
4.568446
5.384722
3.693501
5.215046
4.141954
5.512896
6.025824
3.828273
4.414061
5.231633
4.923368
5.117988
5.045158
5.564462
5.521338
4.146784
3.935826
5.46184
4.811039
2.78931
4.282721
5.321941
4.951596
5.149975
5.335867
4.18525
5.300478
4.311979
5.536874
5.687767
4.288587
4.72711
4.039364
5.482183
4.335025
3.829628
5.863567
3.294707
4.849557
3.5947
3.756359
3.590349
5.343339
3.736003
6.049513
5.757905
4.362744
5.257589
4.435655
2.948183
5.919754
3.779156
5.697965
5.143033
5.809243
5.741333
5.226235
4.236048
5.812371
5.025043
5.271003
3.849636
3.371971
4.897799
3.295618
5.570736
3.251342
5.23947
4.328964
5.72714
6.203413
4.817377
5.236769
4.273408
5.857677
4.778802
5.314729
4.297939
3.581375
5.845565
4.390147
5.579231
3.695886
5.158486
6.227463
5.561052
5.137806
5.317241
3.995728
5.138483
3.830415
4.458425
3.500027
5.71777
4.741435
3.612661
5.427159
5.27298
3.40726
4.350605
4.779731
5.27879
5.583044
5.115918
5.325835
5.291733
4.727276
3.69113
4.200667
4.562752
4.523218
5.786287
4.341544
5.369019
4.92762
3.651255
5.03533
2.914193
5.454874
3.283654
4.326119
5.151646
3.117641
4.472215
5.319065
5.559238
3.749872
3.80376
4.20395
3.528364
5.522851
4.25428
4.249987
5.195418
4.259339
3.906085
5.908547
3.539381
5.354734
5.760439
3.963854
5.505654
5.70219
5.68645
5.209853
5.584064
3.27276
4.45475
3.978029
4.734363
4.403321
4.04048
5.814382
3.329674
5.43527
4.404152
5.178015
4.254947
2.801474
5.943738
3.783083
5.373759
3.574357
5.784984
4.552042
5.684142
5.326112
5.675384
5.502848
3.374506
5.763054
4.964091
4.833755
5.310177
5.178849
3.956496
5.411186
5.234211
5.531353
5.054764
5.495532
4.947631
5.262642
5.483107
4.952605
4.032457
3.825383
5.449552
5.019714
5.077147
3.385728
3.838714
4.172209
5.680935
4.402998
4.873388
4.98235
4.104565
4.433962
3.787594
4.830219
4.635582
4.76197
5.137872
4.848773
5.39301
3.823715
2.989319
5.80741
3.744708
4.219892
3.750368
5.401243
5.031276
3.212507
3.842159
4.905859
3.375191
5.031779
4.467249
2.908914
4.63476
5.520661
3.389748
5.432407
4.489364
5.139499
2.960726
5.308198
2.993669
3.615708
4.159203
4.544375
3.407518
5.318553
4.600489
3.599198
5.285284
4.081809
2.626811
5.031543
3.630618
5.492945
3.693651
3.926072
5.07796
5.588499
4.369549
5.06365
3.488418
4.139203
3.677479
5.130793
4.526543
4.84275
5.309349
4.769601
4.02273
3.95473
5.740916
6.000868
5.547992
3.369597
4.804971
3.654606
5.031452
4.997357
3.148117
2.773029
3.554569
4.486593
4.96385
5.175553
3.971439
2.751327
5.587382
2.853143
5.105271
4.43629
2.833476
3.557955
5.476391
4.1298
3.36227
5.025659
3.191983
3.35313
3.835295
5.300109
5.597181
4.166066
5.499724
3.020704
4.929951
5.657713
5.679055
5.004438
5.499443
4.666531
5.005488
2.923202
3.671768
3.694344
5.327988
3.482861
5.60205
4.965707
5.911535
2.993565
4.788302
5.766322
4.313956
5.189805
4.173098
4.415921
3.466594
4.104557
4.20637
2.946579
5.933001
4.533955
4.416181
4.716688
4.575749
3.568337
4.378619
4.470743
4.037428
4.086991
5.471735
4.060426
4.309146
3.135522
4.418708
5.439762
5.424285
4.472082
4.847898
5.678467
5.590099
4.681933
3.174845
5.367211
4.75888
4.914037
4.210805
4.948941
5.676207
4.564172
5.33588
5.5716
5.659093
4.860262
4.349634
5.552472
4.305681
3.148682
3.865738
3.804852
5.361354
5.564067
4.726142
4.379778
5.517242
5.308535
4.555626
2.839361
4.551613
5.456005
4.799452
4.238862
4.313332
5.699926
4.700291
4.581794
5.714824
4.78213
3.69818
4.482949
4.180326
5.577676
5.068637
5.360603
3.692124
4.724621
5.422615
5.648074
3.47408
5.229567
3.893425
4.641423
3.454862
4.781959
4.345362
3.762521
5.693307
4.675955
4.097979
5.178281
5.356813
5.387309
3.420466
3.962957
3.357284
4.783467
4.597445
5.362087
6.019333
4.946476
5.186986
5.852492
3.799187
5.450967
4.885851
4.817888
4.672176
4.703452
4.958536
3.445712
3.528039
3.678586
5.84332
3.283902
3.893689
5.513864
3.637099
5.305604
4.846831
4.905332
3.431008
4.31335
5.228978
4.01899
3.313412
4.214672
5.283807
5.270695
3.638534
3.913401
4.689857
5.694762
4.464712
5.479553
2.802082
5.708533
3.365856
4.583521
3.489495
4.583988
4.469033
4.43447
4.854997
5.669785
3.388
4.959633
5.367066
5.446264
5.494155
5.462018
4.716888
3.284164
3.911477
4.346059
3.720206
4.482384
4.476024
4.895026
3.924935
2.971296
3.079903
4.971842
4.42064
4.218461
5.070314
5.256122
3.709335
3.398458
2.87046
4.207503
3.71578
3.798567
5.355427
5.328965
3.591058
5.181871
5.025741
3.537266
5.994456
6.042068
3.674031
4.928184
4.744578
4.843511
5.298122
4.347741
4.431696
5.487352
5.51116
5.547328
4.372507
3.645047
4.301445
4.222831
3.044986
3.764718
5.634028
3.242313
4.684201
3.267752
5.293297
5.64632
3.851928
4.416542
4.777688
3.74273
3.194022
4.364375
4.180973
5.889424
4.658312
5.498129
5.716588
5.574919
3.747153
5.744924
5.078566
5.412414
5.544148
4.693065
5.538939
5.301993
3.786366
3.677561
5.365359
5.370347
3.35504
3.408816
5.375986
5.620242
4.144246
6.249993
5.041716
3.645027
3.498502
3.961619
3.777866
4.089374
4.279264
2.811675
4.592124
3.529773
4.113004
3.671287
2.996741
3.855729
4.643619
5.771566
4.766213
2.780089
5.817607
3.659588
4.228291
4.548977
2.904874
4.010168
4.545797
6.011696
4.694096
6.312071
3.900835
5.227273
5.363318
5.306604
4.121813
5.006237
5.015708
5.539497
3.647106
4.252775
4.96077
4.448073
5.5861
3.786719
4.332124
3.677836
2.672458
5.424349
5.203308
4.943709
4.973818
2.637652
5.330549
5.306985
4.120812
5.538352
4.045613
4.577671
2.64601
4.143356
5.549381
4.9766
4.053444
5.623746
4.473032
4.340953
4.87549
5.894655
4.483633
4.982961
5.271287
4.089389
5.537587
5.025021
4.177145
3.337941
3.18973
4.486975
4.303199
5.550635
3.564094
3.821886
5.53165
5.525907
4.880369
4.728957
3.689114
3.671131
5.115757
2.993149
3.911527
4.243088
5.580991
5.232056
5.823786
3.33512
4.499971
5.134392
4.271292
3.621958
4.347843
3.909088
3.049553
5.191374
3.180802
4.328824
3.820785
3.609315
5.051773
4.339421
6.260315
4.941206
5.026957
4.355355
5.570949
5.543043
3.503226
5.308139
5.435266
5.415405
5.87902
5.103936
3.098321
3.739818
4.866872
4.824151
5.859271
3.944971
3.777095
3.638299
3.367226
4.362533
4.225114
5.307066
3.647295
3.879368
5.682302
4.111435
3.907062
5.214441
5.541105
3.098637
4.718332
3.713235
3.485979
4.585769
4.641613
3.6933
4.599387
3.591483
3.896775
4.814201
5.53323
5.329511
4.079259
5.882615
5.505289
4.1268
4.099626
3.318846
4.330951
5.464982
4.379267
4.070331
4.828379
4.82691
3.522319
4.766917
4.698706
4.803291
5.077091
4.316212
5.714962
4.995707
6.209096
5.505202
5.043824
3.306334
5.254171
3.625369
5.544
4.222086
3.817409
3.90406
3.94738
4.044154
4.845717
3.773108
4.354475
3.430549
5.655007
4.380592
4.370921
5.260736
4.692621
5.431188
4.598158
5.750299
5.192156
3.429818
5.444784
4.267457
3.460378
5.336713
5.731532
5.293834
5.613129
3.556273
3.341424
2.687663
4.95135
2.799805
5.095869
5.845189
4.147015
4.77531
5.107163
5.022868
5.229727
4.927698
4.665479
5.40538
5.063315
5.602784
5.351732
5.752861
3.470861
5.03621
5.859255
3.226019
3.680449
4.742911
5.5772
6.128187
5.336934
5.056035
5.440446
4.509213
5.498819
3.87152
4.392872
5.549728
4.129746
4.361238
4.522089
3.709115
4.324968
5.195007
3.825659
5.136163
4.594614
3.858848
5.276682
5.346044
4.439912
3.836846
4.359173
4.396449
5.49282
5.620503
4.468634
5.824564
4.217145
4.232979
3.677899
5.222001
3.722632
3.354608
5.041465
4.673281
5.160334
5.145249
5.715854
5.18746
5.155227
4.258866
3.758191
3.871458
5.020514
6.077421
4.909652
3.63537
5.419215
5.82272
4.433095
3.815738
3.657976
5.648243
5.334514
5.715477
4.554135
3.771537
5.61426
5.858834
4.999561
5.637388
5.748788
5.384527
5.957111
2.644434
4.420556
4.829865
3.062564
5.046554
3.243267
5.927787
3.982939
4.448554
2.710741
3.129412
4.481594
4.5323
3.461049
4.383641
3.633787
4.523572
3.338621
5.8136
4.559964
4.447075
5.305733
4.584459
5.175355
4.034551
3.796274
3.571162
5.237469
4.958965
5.605648
4.950741
4.489803
4.623732
3.110946
4.34513
5.239308
5.375857
4.368301
3.486126
5.608002
3.280108
3.313771
3.995654
4.99482
3.161877
3.856971
4.683744
5.04845
4.512909
5.045373
4.197594
4.676046
6.278901
3.671074
5.633553
3.925502
5.935696
5.40206
4.49121
5.48332
5.838858
5.141608
4.341439
4.460159
4.937427
5.489172
5.385255
5.21527
3.264749
4.88106
4.926117
4.848873
4.227365
4.528918
4.167559
4.130977
4.960159
3.903963
4.065877
3.687086
5.261505
4.968671
3.691506
5.140304
5.49718
4.344481
3.13565
5.123536
5.866909
4.117111
3.013192
4.818395
5.098585
4.73684
4.460238
5.410609
4.111538
4.464845
5.256766
5.337684
4.212691
3.856485
5.413516
4.514019
3.012668
4.199512
3.438741
4.000144
4.887794
4.508776
4.060691
3.840549
3.824325
4.616701
4.645297
3.656964
5.035464
3.977005
4.830967
4.831982
6.034142
3.958339
5.510915
3.883843
5.288587
5.054568
5.855032
4.63381
4.3883
4.322427
5.378188
4.141201
5.325063
5.259321
3.246521
3.301691
4.348444
4.144481
4.182032
4.92215
4.918166
4.596426
4.190865
5.530865
4.043244
5.107163
5.414299
3.722596
4.737651
2.670516
4.093887
5.680953
5.417904
5.411438
4.224467
4.84288
4.409393
4.236888
4.925429
5.915641
4.910007
4.34028
3.725766
3.523973
3.688724
5.467666
4.299466
3.366641
5.530599
4.19874
3.959853
4.38374
3.377878
4.351674
5.397721
4.386972
6.034051
4.832581
5.738134
2.815596
4.114569
2.837615
5.799768
4.424243
3.789885
3.261763
4.794621
5.378322
4.560008
5.065525
3.676856
3.479688
4.658441
5.46399
5.86129
4.852364
5.80723
5.165724
5.076323
5.019271
5.728591
5.309364
4.604115
3.647179
5.435542
3.26622
3.963182
4.619546
4.801527
5.628335
4.28055
2.865793
3.550076
5.292118
4.365698
5.079079
3.712744
5.236214
6.238339
3.92228
3.220275
4.810685
6.097418
3.078318
5.544865
3.449064
3.299968
5.469958
4.374436
4.215345
5.306871
4.943007
4.192493
4.559976
4.386957
5.072613
4.684516
3.299536
5.007053
4.996932
5.413427
4.2655
4.891511
5.356225
5.680164
3.725721
4.205609
4.322347
5.393384
5.721031
4.395672
5.449134
5.011498
4.086609
5.159842
3.820557
4.106315
3.931552
2.882235
3.875535
3.788051
3.281035
2.688063
3.361521
3.837951
4.787403
5.727049
4.983437
4.358083
5.340682
5.376137
3.691558
4.659949
4.898713
5.694475
3.743483
4.806386
4.355468
2.806032
5.623456
4.080201
4.926399
3.362086
3.31707
4.04117
2.698633
3.385746
3.702467
5.132009
4.764438
4.399798
5.888394
3.395356
4.655612
4.588281
4.257927
4.444669
3.688488
5.278849
5.738616
5.113526
5.368315
5.030151
5.692346
5.520187
5.058794
3.527975
4.86977
5.063678
4.495881
4.349372
4.57811
4.288571
4.790345
3.124923
3.262115
3.595503
5.838758
3.940143
3.230295
5.474735
4.473781
2.857265
5.324403
4.477028
5.491416
4.342389
3.567221
4.207194
3.743002
3.655432
3.825799
3.6903
5.468449
3.50908
5.156944
4.005869
3.876819
4.302368
4.622027
3.822363
3.939086
3.612849
4.234771
4.99184
5.32871
5.492726
5.341867
5.679261
2.845765
5.574058
5.06957
4.291844
4.327259
4.409568
4.059692
5.318397
3.016837
3.630124
4.926413
3.705463
5.448864
4.09464
4.442663
3.680567
3.307872
4.496512
5.25744
5.124532
4.209304
5.183224
3.25101
2.978956
3.969483
3.759481
2.717063
5.140177
2.859768
4.283522
3.39546
5.685776
5.91614
4.009244
4.233999
3.525079
5.133756
3.478751
4.798723
4.541868
5.834203
5.322971
4.619976
3.373809
3.836391
5.062373
4.249778
4.628766
5.875757
4.46853
4.914149
5.354986
5.079572
4.668191
4.944602
3.960591
5.708941
4.457218
5.019935
3.306545
4.401547
4.921681
3.482309
4.599023
5.455323
4.349193
4.55113
3.785975
4.09237
5.630653
5.534785
5.555577
3.095904
5.426556
3.877443
5.579785
4.66991
5.610295
5.019146
4.58612
4.172692
4.174788
5.531854
5.408741
5.229006
5.674332
5.277126
4.460394
4.93331
2.992954
5.285144
4.626451
3.977369
2.990272
3.599812
5.157076
3.166652
4.531102
5.332602
5.274497
4.938518
4.596766
5.5899
4.97297
3.509792
2.982664
5.038688
2.957722
5.105584
5.250577
4.362666
4.000593
5.623036
3.862601
4.008885
2.744758
4.8794
3.989814
5.135454
3.241404
4.534739
4.548125
4.33978
6.148318
5.012159
4.587255
4.239442
4.110512
3.674346
4.602484
3.521848
3.019217
4.544874
4.466325
2.978866
2.926575
5.826433
3.021837
5.959686
5.697997
4.969898
3.745299
5.514512
4.598507
5.755806
4.409421
5.887026
4.361004
5.019285
5.40816
4.330053
5.688229
5.491974
4.602493
4.2759
3.863705
5.843279
4.842704
5.276793
3.280445
3.036358
4.364227
5.73612
2.769982
4.445624
4.091794
5.775959
3.891452
4.172254
4.338864
5.85814
3.121759
4.316849
5.313383
5.213001
4.442241
4.569923
4.114028
4.737766
6.246804
4.678291
5.616518
5.720314
5.563361
5.705435
5.393965
5.058728
5.380804
5.199786
4.081614
4.199197
5.609776
5.560056
4.445356
4.720433
4.995283
4.983556
5.037127
4.870197
3.177584
5.043682
5.60211
4.202174
5.457886
5.711511
4.187165
4.364468
3.177161
2.868015
3.872522
4.604571
5.257122
2.822864
3.505416
4.715923
5.731817
3.222392
3.883666
5.018843
5.494117
3.734019
3.576637
4.40024
3.581625
4.757964
2.909796
2.829667
5.337632
4.991219
5.442673
4.42594
3.246343
6.034596
5.595241
5.524685
3.648809
5.510798
3.40601
4.762335
5.485543
3.776102
3.360548
5.716317
5.405445
5.368857
4.640905
3.218964
2.934519
5.733148
4.602522
5.068793
2.655231
5.758903
3.201164
4.559747
4.943105
5.062786
5.260244
5.376179
5.313304
3.691212
5.424108
3.379045
2.850112
5.831714
3.815941
4.268355
4.301175
5.327131
5.739455
5.552833
2.959979
4.424318
3.92529
4.467112
4.915124
4.418772
5.483886
5.479226
4.382365
4.818246
4.53552
4.135156
3.723982
3.742986
4.09337
5.479851
3.421956
5.900257
4.356387
3.165496
5.365994
5.398934
3.293216
4.472998
4.040054
2.852637
3.93867
2.668125
4.893388
2.924031
5.693006
4.347272
5.956269
4.384727
5.166133
3.662202
4.522118
2.819918
5.189377
3.52439
4.327692
5.093492
4.508919
4.40292
5.578352
5.378353
4.959969
4.028321
3.008446
5.926827
4.002709
3.670801
3.738198
4.837968
5.345215
4.396444
5.5536
3.785191
4.89415
4.490459
5.442319
3.315634
4.370077
5.443673
4.226723
4.053446
4.38459
5.697926
4.397901
3.808572
4.865893
3.932336
5.401253
5.123248
4.947059
5.040785
5.539205
3.585459
3.685811
4.857804
4.414449
3.701715
3.792641
5.412947
5.611139
3.661412
3.685596
4.511283
3.796057
5.48832
3.338075
2.874064
4.262656
4.920421
5.87901
3.469487
4.136849
5.288537
4.416585
5.046687
3.667552
5.745917
5.501659
5.524963
3.708073
4.041732
4.054358
4.592603
5.411965
4.5561
5.022141
4.909424
5.411803
4.105716
4.5953
5.25704
4.963625
2.999246
3.320439
4.295248
5.206734
3.294005
6.001214
4.708248
4.554377
4.077654
4.82542
4.769368
3.477076
3.890745
4.667217
5.54229
3.489371
5.131518
4.048284
4.005586
5.562399
3.797227
5.71232
4.187381
3.78433
5.275644
4.903275
5.647162
4.177398
3.855983
3.549716
4.945675
4.334044
4.957293
5.695815
5.64336
5.49909
4.585549
5.650285
4.339037
4.83081
4.050723
3.082135
4.5119
5.045914
3.952464
2.807219
5.606687
2.804453
4.842031
4.424172
5.319088
4.394884
4.228195
5.307898
5.464286
5.104084
5.074893
4.333746
3.303415
4.830343
5.702653
3.616914
5.135956
5.532207
5.916015
3.598228
3.237402
3.472685
5.97672
5.593296
4.239831
5.49442
4.921188
3.750004
5.292884
4.162355
3.66793
3.823115
4.504146
3.117731
3.20611
4.472338
3.815438
5.253535
2.955125
5.355025
4.140188
3.869614
4.847264
3.852762
4.492142
4.72153
4.435825
5.092606
4.861362
5.241446
5.906327
3.311991
5.445201
5.767123
4.777694
4.613187
4.194922
3.781604
5.477279
5.666318
5.29807
3.897031
4.924121
5.581825
3.702235
5.504731
3.802872
4.44999
3.798994
3.915929
5.517457
5.131741
4.807175
5.246847
4.216602
5.561136
3.603183
4.969757
5.819672
4.813669
5.606925
3.342091
5.601615
5.204319
5.869521
4.010403
6.057076
5.25503
5.368206
5.235735
5.504441
5.062559
5.575236
5.030155
4.775412
5.852035
4.497379
3.926337
5.65538
5.224209
5.038291
3.989243
3.229744
4.590749
4.368516
4.916372
4.696315
3.704408
2.764598
4.213383
4.262689
3.807847
5.257371
3.973182
3.989451
4.651807
3.737305
5.525583
2.926399
4.023428
2.914539
5.195701
4.892085
5.464993
4.407202
4.388062
6.117352
5.296683
4.519889
5.230436
5.61234
3.211953
4.980467
3.448194
4.452437
2.768419
3.1807
5.437611
5.699697
5.586445
4.484929
5.45694
5.540529
4.285892
5.471517
5.379553
4.365788
4.70825
3.115328
5.170825
4.392594
5.020878
5.53935
4.3285
5.744431
5.062106
4.774334
4.533173
5.509644
4.293722
5.311721
5.946502
5.065272
3.26715
5.158051
4.62399
4.320092
4.882037
5.531701
3.94737
4.700041
5.541319
4.971242
4.729491
4.819697
3.949434
4.615206
5.49327
5.409105
3.727469
5.135098
3.006242
4.987685
5.531659
4.675668
3.291574
4.411132
4.808058
5.360512
5.316518
4.073253
4.183429
4.958673
3.753075
4.980137
4.358677
4.026499
4.733094
4.733309
4.838007
3.787828
3.781071
4.449199
4.136546
4.826885
4.770838
3.64663
5.392768
5.325817
2.97888
5.714853
4.339265
3.641753
2.637428
3.985184
5.296157
4.699091
4.308759
5.211658
4.509848
2.863908
4.480381
5.019289
4.283093
3.121635
5.421489
4.990863
3.454152
4.132597
4.307105
5.950855
3.637101
5.511875
5.220412
5.705393
3.324629
3.131883
4.518577
5.047943
4.400923
5.438765
6.211439
4.068416
3.790294
4.227878
5.693249
4.299571
4.780357
5.767523
4.526107
5.305756
4.822941
5.719461
3.834444
5.388946
4.575454
4.677392
2.952124
4.01507
3.3116
5.564933
3.673481
4.876544
5.557186
5.009953
4.181333
4.318468
3.106828
4.13092
3.356372
4.247225
3.583705
5.529972
4.178151
6.052968
5.793712
4.492366
4.17776
4.81304
4.378167
3.429461
6.034041
3.198839
3.655373
2.761848
5.026257
4.548796
3.354773
4.404705
2.940938
3.305487
3.631868
4.059054
5.262861
4.10122
3.397989
4.258213
4.374187
4.414476
4.813802
4.434309
5.205596
4.668572
5.112852
3.820085
5.290012
4.346094
4.042019
5.039942
5.371425
5.286806
4.821444
3.805353
2.99572
4.350764
4.597435
5.508464
3.500957
3.347022
5.164922
4.948571
6.165845
2.975219
3.512664
5.69557
5.459071
3.899552
4.200447
5.523954
4.835481
6.233334
2.991154
3.904687
4.466973
3.614998
4.989398
3.068218
3.300357
4.032203
5.687386
5.293278
4.438807
5.080664
4.713252
4.345213
3.65768
4.133044
5.250814
3.726013
3.746019
5.588665
5.779497
5.27869
4.387667
4.249328
5.129266
5.357523
4.894629
5.264702
3.427386
2.665612
3.785746
5.636624
4.145841
4.231631
3.664676
4.864787
3.827196
4.732529
5.635825
4.923999
5.069096
4.675463
3.695059
3.0141
4.335263
4.144458
2.74275
3.800438
2.83659
4.690642
3.460489
4.288586
3.004507
3.156008
3.453171
5.572669
3.440036
4.003706
3.727778
3.980345
3.062409
4.026577
5.03628
6.138492
5.727101
2.970288
4.257185
3.983065
4.876395
4.66731
4.931842
4.59818
4.256794
2.712159
4.621934
6.013163
5.135673
5.785942
5.164813
5.367657
4.121057
4.530745
4.978188
4.964913
4.414161
5.530858
5.035582
4.44695
3.795903
4.347112
3.953576
5.052213
5.815818
4.750243
3.301721
5.017551
4.757414
2.78022
3.997645
5.101585
4.856506
4.853867
3.289106
5.769352
5.404733
4.601907
5.353167
5.020998
4.392291
5.785076
5.161732
4.090046
3.28693
2.745829
2.993831
5.543375
5.647696
5.680132
5.1232
4.494213
5.755696
5.238289
4.4566
3.81916
5.826299
5.102843
4.20357
5.536503
4.054589
4.321678
5.588275
3.064091
5.561959
5.648494
5.660825
3.613972
4.555582
3.67386
4.999253
5.008527
4.88839
5.703325
4.839476
5.156452
5.639458
5.495211
5.30077
3.934629
4.271625
3.279612
4.748191
4.014407
4.927294
5.364824
4.344546
3.860652
4.181699
5.457596
3.70924
5.770364
4.260648
3.728491
3.145385
4.856116
5.468642
4.342884
4.572943
3.891005
4.560745
4.312914
4.803226
3.378453
5.291506
5.57383
4.416434
4.422442
5.628253
4.20932
3.982572
3.773442
3.672058
4.339863
2.902922
4.254846
4.728816
2.880853
4.368907
2.985193
5.66981
5.348436
4.008426
5.387904
2.832909
4.47717
4.185307
4.924096
5.485811
4.790811
5.232161
4.773675
4.793748
3.192254
4.19782
3.933026
5.317643
5.027572
4.877503
4.971225
5.183104
5.746934
3.77964
5.388221
4.223924
3.839751
4.457494
3.962826
5.101003
3.66578
5.37327
3.310222
3.032404
5.71425
3.865574
4.444005
4.575263
4.822228
4.561904
4.292921
3.64656
4.682182
5.518449
5.883854
5.619158
4.174094
4.586095
5.153823
4.9651
5.735664
4.926007
5.12241
5.574941
5.478403
5.012332
4.682744
3.764477
4.819454
3.000605
5.203948
4.666104
5.727229
3.560536
3.47951
4.901679
3.752495
5.548059
5.630234
4.333327
3.197594
5.437769
5.120193
5.767125
4.430087
4.274149
4.474434
3.964493
3.781157
4.793708
5.725464
5.202278
5.041061
5.918146
4.585689
4.904581
5.894773
2.972281
4.659361
4.462911
5.052902
5.106643
5.435813
2.858092
4.39466
4.453103
5.712337
5.279255
5.050167
5.657804
3.600237
5.248004
3.346008
5.517067
4.25385
5.270708
4.08907
5.440385
3.682781
4.358343
3.84161
2.722768
4.127925
4.451881
3.949297
5.618867
5.0173
4.799799
5.46408
4.540441
3.521335
4.460778
5.915476
5.10738
2.748898
3.374769
4.718398
3.897248
4.925636
5.431019
4.515567
5.757986
4.446272
3.191175
3.969787
5.000766
3.291893
4.044078
4.395162
5.633837
5.920502
5.99461
5.142265
4.711321
5.327629
5.113342
3.864335
3.964049
5.109725
4.695028
5.333437
5.66565
4.470851
5.593977
4.397146
3.996278
3.779156
4.795313
4.980838
5.478178
4.206911
4.220401
3.823343
4.991609
4.990077
4.861206
5.029088
5.339995
4.749361
4.970739
3.847413
4.697754
5.081481
6.058485
4.779222
5.493447
5.012679
3.488796
5.409849
4.051583
3.712768
5.553778
4.391756
5.271718
3.845288
5.473812
4.220493
3.341149
4.998969
4.562933
6.096133
5.1796
3.735159
6.114605
4.81111
4.919911
4.865571
4.706911
4.566881
4.309917
3.321424
3.670298
2.908365
4.886875
4.677351
3.484669
4.667327
3.017772
4.792857
4.884509
5.023558
3.470959
2.59802
4.158027
3.904887
4.594529
4.270261
5.79987
3.647827
5.037613
5.954795
5.670686
4.965783
3.592885
5.05812
5.533651
5.171827
4.253758
2.844662
4.120734
2.841626
4.463878
2.793696
2.684223
3.273377
4.33751
4.474221
4.669465
3.911134
4.058225
6.015576
5.073122
4.110822
5.527493
3.802909
4.336046
4.025993
4.341076
3.8128
4.918141
5.109347
4.051085
4.376487
4.6846
4.077494
4.246855
5.617482
4.07704
3.633595
5.154686
5.729795
3.69329
3.286278
2.986878
5.586108
2.857844
2.660965
5.248305
4.351443
5.91164
5.547126
5.220552
5.738569
4.029774
5.365593
4.519271
5.901251
4.432903
3.919593
3.635247
5.11413
4.732343
4.87139
5.371434
3.965945
5.528697
4.704657
4.608219
5.034028
6.034287
4.2074
5.773807
4.069978
4.188275
2.650584
4.841592
5.067735
4.356912
5.290201
3.881346
4.909566
5.189999
4.986455
4.842228
3.784895
4.333528
5.403952
3.502182
5.832673
6.042306
4.831981
5.271778
5.63766
3.881029
5.561287
4.326501
5.028967
5.24306
4.359663
4.122249
4.218271
4.97442
6.065294
5.153761
3.924045
4.886163
5.264027
5.09793
4.554313
5.006435
3.593624
4.754768
5.95443
4.959908
2.652999
3.595274
3.300448
4.821888
4.900188
5.117053
3.152843
5.318161
5.754453
5.507063
3.833238
2.931014
4.33214
4.751859
4.997998
5.507337
4.673442
5.652119
4.941595
5.139438
4.537177
4.978645
4.965796
4.681105
4.0589
5.031406
3.294127
5.580437
6.171315
2.643223
4.048213
5.199137
3.804873
2.93443
5.013505
3.642247
4.842014
3.842213
4.633378
5.286676
4.248617
5.239605
5.147737
5.398788
3.522577
3.766159
3.70504
3.846146
3.719128
5.199072
4.026964
5.674216
5.500311
4.97268
4.34857
2.949187
3.571587
4.787569
5.969556
4.792825
4.340189
4.830165
3.766848
5.204595
4.567637
4.437107
5.577585
4.835784
5.557226
3.12938
5.537035
4.800208
3.695935
5.522353
4.573562
4.320637
4.038954
4.583108
3.951318
5.773058
5.080946
4.6966
4.281536
3.73561
5.294486
5.270798
3.650639
5.643159
3.464289
4.74194
3.727426
5.53046
3.712088
3.525998
4.700061
4.585325
3.422804
3.854876
4.787414
4.037927
5.053926
4.808674
5.8897
5.165993
4.829139
3.300366
4.695484
3.962118
4.783929
4.770117
4.606996
4.696057
3.941211
5.513628
5.397506
3.355176
4.953976
5.358857
5.703437
4.615728
3.747042
4.650036
4.150678
4.244467
5.359741
3.306569
4.575033
5.237467
5.328078
5.684539
4.71423
3.763376
3.473511
4.856418
3.297534
4.958711
4.626103
4.412018
5.105111
4.610255
3.709644
6.133991
4.380136
3.740049
5.511172
4.598167
2.985802
4.473971
5.241462
2.981292
3.33815
5.497599
5.257637
3.83055
3.85144
3.330621
5.236991
3.838561
3.697043
3.220125
4.508116
3.317006
4.584939
3.866868
4.831934
3.571969
3.835123
5.19092
4.326931
4.122645
3.940812
4.445496
5.026295
3.156239
5.241854
4.531875
3.792295
5.932139
3.782491
5.015409
4.693199
5.677416
2.715399
4.941368
2.832016
3.589619
3.858796
5.322239
3.034576
5.528103
5.341
3.756376
2.644572
5.407242
3.449653
4.472596
5.021389
5.826054
4.942239
5.812933
4.061209
5.831584
5.01196
2.925673
4.494546
2.652261
3.278257
4.858596
3.574885
4.68707
3.759526
5.382662
4.690305
5.590443
4.80492
4.990413
5.172574
3.585299
5.373168
5.976757
4.259993
4.862636
5.210604
2.914075
5.238713
4.834306
4.611112
4.199572
5.52085
2.946517
4.889423
4.245867
5.16179
3.124242
5.620119
5.852682
4.019679
5.012935
5.828535
3.274069
5.693032
5.412942
3.593688
4.334606
4.034112
5.79789
3.76832
3.799415
5.694906
4.22745
4.828377
3.604054
3.953356
5.578828
3.4141
2.65816
3.332651
4.478221
4.387457
4.710304
5.42225
4.784734
5.3548
4.162477
3.783379
5.075098
5.230813
4.550116
2.982001
4.42811
3.196444
4.275408
5.062728
4.610192
3.69571
5.05261
4.205544
4.420295
3.302091
4.354903
4.917461
2.850697
4.210031
5.093809
5.107581
4.642004
4.418266
3.326257
4.06956
4.647657
3.740879
5.238034
4.676482
4.904518
4.447162
4.546136
5.52906
5.373939
5.123488
2.828123
4.49419
3.638981
5.747111
5.838175
4.031012
3.799603
5.275985
4.800325
5.382009
2.927265
4.456679
3.159577
2.890237
5.603442
3.293763
3.090452
4.296333
4.966634
4.06928
4.523978
4.330193
5.648323
4.141531
4.205174
4.462671
5.662473
4.643075
4.951483
5.255844
3.317987
5.665611
5.379129
4.458804
3.413847
4.982899
5.194848
3.513769
4.823209
3.26364
4.261128
5.268125
4.259922
4.901195
5.056171
4.041147
3.128057
4.070081
5.453971
5.375195
3.249563
3.583665
5.641765
4.825862
3.565179
5.104229
4.833463
5.69348
3.909101
3.761067
6.026071
4.513433
5.414008
4.614244
3.277455
5.58392
4.789618
4.942918
2.666624
4.363278
4.271533
5.447776
5.413188
5.267349
3.238486
4.625387
3.577999
5.60272
2.717336
4.953147
3.329001
4.622188
5.851405
5.428116
4.465613
3.885653
4.307962
5.364063
5.370402
4.732968
3.228698
3.976104
5.039846
5.910937
4.236931
5.707361
4.308024
4.725976
4.791888
5.066389
4.394585
5.073004
3.935291
5.255065
5.328775
2.987352
4.255015
3.127613
4.818445
4.420486
4.656658
6.07324
5.634354
5.129395
5.003208
4.289535
5.268527
4.807042
5.145329
4.891258
4.843248
3.610316
3.153151
5.673034
5.405563
4.563441
5.376789
3.710818
4.604941
5.184331
5.262063
4.826436
5.7757
5.372248
3.408985
5.514915
3.649705
3.730467
6.229307
3.413992
3.836319
5.506072
4.6206
3.92254
4.126061
4.168774
4.392997
4.510818
5.262024
4.423942
3.654796
4.808591
5.645193
2.88615
6.251948
3.877932
4.465778
4.680054
3.434294
5.667589
4.818788
3.959588
3.06038
5.615066
4.992035
3.417053
4.88633
3.489044
4.489594
5.283095
4.046647
5.709816
5.333786
5.303645
3.839803
5.484653
3.608893
4.987502
3.477068
5.505853
3.007054
5.070545
4.440088
3.487701
5.291765
3.250476
5.755019
4.829581
5.151111
5.037884
4.839025
5.856587
5.777179
5.385428
4.172841
4.337559
4.738676
2.684454
5.46921
3.546811
3.751041
3.15069
3.453922
4.363266
3.980628
4.847633
5.062428
3.815204
5.379498
5.443727
4.275743
4.955065
5.46451
5.540887
3.880716
6.165001
3.403968
2.91188
3.437142
5.584389
2.649266
5.668027
3.307566
4.5065
4.052753
4.721288
5.798489
5.165669
5.017491
4.133453
3.642299
4.840139
4.146907
5.405017
4.315115
4.439023
4.79149
5.655884
3.685871
5.631941
5.537524
4.163999
5.296788
4.705304
3.027899
5.924792
5.09813
4.481391
5.483549
5.589811
4.637384
5.374234
2.822496
5.654608
5.184575
4.845219
3.805997
4.380787
4.663748
5.629703
5.437957
5.580481
5.818996
4.006695
3.800722
5.609729
4.837099
4.209797
6.02124
4.924371
5.859099
4.891903
4.168096
4.393931
5.430065
5.384221
4.084163
3.024941
4.858318
4.530168
4.61611
5.09218
4.237208
4.969682
5.545305
4.401463
4.49118
5.708861
3.786319
5.410544
3.551421
5.551275
5.706661
4.246187
5.539974
4.677522
4.8415
5.326369
5.078395
4.843806
3.472098
4.708669
3.792208
4.742995
4.487501
4.487213
3.039845
3.973796
5.853792
4.853037
3.107767
4.126067
4.756066
5.981441
6.12891
4.144648
5.647668
4.840086
5.347732
4.961299
3.663522
5.510725
3.569703
5.135411
3.254063
5.573354
3.216331
5.322906
4.602435
5.290021
3.738037
5.647412
5.032449
3.895538
3.617819
4.739693
4.322387
5.513405
2.859175
5.243705
5.079119
5.694305
5.01323
5.323401
5.147688
3.53509
5.743008
5.703068
5.001213
4.520974
5.622141
5.389337
5.269643
5.016042
4.129888
5.083441
2.95752
3.231392
2.720929
5.37204
5.851026
3.984808
4.55118
5.557546
2.99714
5.746228
3.014862
4.67935
3.35246
3.663021
5.66109
5.603555
3.913631
5.531735
4.456394
5.146857
5.697512
3.527213
3.461602
5.556562
2.632187
3.836204
5.75564
5.407986
4.170091
2.946232
4.920831
5.782465
5.105786
4.77349
3.224349
5.780542
4.380626
3.949841
5.094428
4.076226
5.041343
5.20457
3.744979
4.114998
6.161827
5.22743
3.060284
6.044855
5.695331
4.597876
5.444578
3.859269
4.846609
4.510307
3.327767
2.667586
5.034904
3.718244
5.009986
5.474953
3.95658
5.818087
5.141467
4.954179
3.696573
4.503617
5.158847
4.829155
5.582542
4.036623
5.813943
5.725288
5.334451
4.947447
5.784306
5.304415
4.096285
5.733505
5.560075
4.630406
5.261543
4.285327
5.367734
3.26465
3.163002
5.562276
3.041828
3.904824
5.421275
4.879089
4.58944
4.48569
4.749123
5.686696
4.721409
5.435222
2.801054
4.55362
6.146493
4.766781
5.644563
4.252508
5.862863
3.786605
3.014734
4.080675
5.487323
4.57363
3.554407
3.959107
3.300309
5.546314
4.969669
3.754606
3.68904
4.80398
4.487592
3.872463
3.287443
3.205294
4.867808
5.153638
4.375185
2.909789
6.05712
5.181666
3.378602
4.320697
5.754897
4.297623
5.902553
5.175374
5.530575
4.023045
4.299564
4.814658
4.425028
4.076744
3.72004
4.619024
5.114039
6.010247
4.148771
4.500823
4.595355
3.745826
3.971298
3.689798
4.324614
3.72632
4.345158
5.263615
3.355059
3.806965
2.639864
4.777242
4.473113
4.348356
3.521043
5.768099
4.491445
5.195153
4.456951
4.892669
5.781384
4.58825
4.097749
3.348808
2.658933
5.315613
5.749607
4.401154
3.284249
4.375097
2.731188
5.268602
4.86114
4.491652
4.152319
4.397977
5.676157
4.504571
3.305933
4.453578
3.364732
3.25212
3.608624
4.929929
5.187045
5.432085
5.105945
4.737706
3.980351
4.325772
4.212501
3.898847
2.69205
3.52287
5.238757
3.830092
3.415545
5.567276
4.730276
4.902104
5.634108
5.62351
5.327739
3.782584
4.124242
3.447346
4.470836
5.009968
4.616598
5.527497
2.89739
5.066617
6.327278
4.401499
5.019442
4.118554
3.485766
5.391615
3.435824
3.810415
5.714413
5.069737
3.930095
5.577837
4.098087
4.481461
3.891331
3.823398
3.616091
2.61117
5.258223
4.956831
4.741763
4.56272
5.524987
5.327925
3.056018
5.363506
3.751723
4.828737
4.144051
3.650108
5.666209
3.656182
4.191872
5.832259
4.673504
5.292514
5.469618
4.952482
4.164822
5.459503
5.125145
5.228026
5.521659
4.989447
5.300614
5.57772
5.101625
4.27074
5.398495
3.710962
3.509338
5.381619
4.758985
3.837335
5.160318
4.557073
3.340149
5.13066
4.842194
3.597968
5.468417
5.155795
3.334911
6.345104
4.692091
5.667754
5.071915
4.39907
4.292295
5.010346
4.925472
4.710835
5.153666
3.395168
4.030502
3.004649
3.982378
5.06745
5.421504
4.170091
4.76087
4.717179
4.494721
5.491021
3.636259
3.640668
4.492624
4.731263
4.634331
2.832839
2.689298
3.817362
4.831575
2.692032
3.991974
4.9166
3.727813
5.08869
5.204361
5.32989
5.11807
5.601773
4.802654
3.824061
5.254083
5.233434
3.946469
4.940632
4.022507
4.230142
5.569981
5.562899
4.872992
3.296693
5.485731
5.809465
4.336664
4.739336
5.040815
5.14741
4.401336
5.007886
5.072691
5.285938
4.137444
5.042051
5.152285
5.566092
5.468547
5.897316
2.974824
4.944326
5.699995
4.931015
5.186003
4.358903
3.803177
5.10781
4.54736
4.676944
4.261099
5.526146
5.626409
3.263254
5.138596
4.92162
4.419355
4.339401
5.489517
4.697944
4.30842
5.615824
5.049837
4.124546
5.1458
3.651819
4.755116
3.503604
2.927785
5.087907
4.354155
5.143626
3.885962
5.488845
2.726732
4.562244
3.677955
2.863624
4.944562
4.418785
4.369749
4.003644
5.703381
5.060114
5.289339
5.105857
4.417083
3.723741
5.331654
4.904597
3.623994
4.415413
5.300338
4.81943
4.448601
3.965207
4.659671
4.050523
5.222479
4.438556
3.695525
4.220549
5.020946
3.739027
4.645065
4.899775
4.190784
5.745727
5.410282
5.747836
5.680053
5.527758
4.863639
4.891095
3.290293
2.625785
4.084427
4.329072
3.484771
4.976022
5.582973
4.36763
6.201826
5.381529
5.400378
4.892799
3.719083
4.829491
5.235469
5.802283
4.951954
5.191926
2.823499
5.237479
5.496894
5.538184
4.131643
3.846442
2.831906
4.896027
4.711944
4.701104
4.585422
2.997116
4.566527
5.562089
4.68253
3.529146
3.964091
4.663416
3.304766
5.361258
5.355732
4.790856
5.00853
5.7357
5.800528
3.702236
5.091051
5.343581
3.866608
5.257167
4.526905
5.44364
4.270978
4.694252
4.209125
4.442676
4.387475
5.398798
4.104221
4.293948
3.076963
4.787387
3.753787
5.631361
5.142539
4.833416
4.274126
5.205791
4.56646
5.41899
4.671178
5.761345
5.58609
5.438223
5.557991
5.276132
4.521819
5.036379
5.9638
4.731687
3.50445
4.715102
3.169276
4.989523
5.416269
5.173044
4.068589
5.733601
4.482878
4.983661
3.962812
4.436981
5.554314
5.464729
5.530086
5.076019
4.757859
3.586313
5.543184
4.12913
2.984084
3.689351
4.214283
5.106221
5.313626
3.74623
4.180298
2.9401
5.098115
4.925294
5.685103
4.747329
5.634714
5.147981
5.418253
3.584557
3.672545
4.187803
5.338702
5.311898
4.936888
4.099117
5.294358
5.589393
3.418278
5.79858
4.739905
3.560338
3.31692
5.423671
5.298035
5.003732
5.148591
4.511476
4.425383
5.436469
4.40462
3.439897
4.14929
2.691858
5.087568
5.50588
5.158311
5.452751
4.597762
4.922852
4.390116
4.377526
2.79636
2.894731
5.057287
5.160879
3.338323
3.874404
2.996523
5.828329
3.562576
4.22113
4.421481
3.716406
3.889105
4.31614
4.336789
3.674501
3.317869
5.454381
4.03236
4.510347
4.869136
4.959102
3.678229
5.179776
4.259926
3.352968
4.270199
3.704367
4.295209
5.134945
5.460501
3.5497
5.689896
3.826921
4.764749
5.640461
5.725698
5.210631
6.180811
5.358832
5.202479
6.27505
5.041852
4.874844
4.394193
3.870653
4.478143
3.422208
3.445096
4.294802
3.571107
5.306244
3.862003
4.226641
4.127034
4.309767
3.516688
4.632074
3.798721
4.34926
5.506135
5.654219
5.463377
4.214633
3.009311
5.155057
5.57276
5.354376
4.74201
5.176514
5.397823
5.522622
5.728406
3.818631
2.892297
4.476472
5.023138
3.792116
5.680276
3.147239
5.627408
2.952257
3.976245
5.747655
5.656555
4.363715
5.455873
5.362782
5.880061
3.899531
4.347274
4.084085
4.132086
5.316512
5.460474
4.127949
4.053208
3.747884
4.511646
4.868833
4.222426
4.113289
4.739435
4.188683
4.336505
4.192429
4.233951
5.850418
3.221769
5.375327
4.680865
5.477081
4.25734
5.23423
2.758183
5.627415
4.586467
3.574191
5.737251
4.797157
5.568991
5.046895
3.524368
5.306409
5.814266
3.771559
5.400685
4.324855
5.209988
4.292403
5.035335
4.512423
4.787957
5.237178
3.108165
4.979318
3.812278
4.070902
3.881967
4.920529
5.387593
3.864056
4.47183
4.589242
5.302341
5.597628
5.057692
5.87481
3.730536
5.412027
5.494789
5.165799
3.257366
6.133275
3.244191
4.829197
3.676948
3.276396
5.325666
4.923527
5.605145
4.219164
4.553521
3.422117
3.71532
5.099096
5.382499
5.752396
5.202333
4.034238
2.801391
4.958898
4.189419
3.943855
3.785082
4.005995
5.133217
4.436888
5.476749
5.801816
5.357516
4.139006
3.647004
3.717041
3.916151
2.682023
5.768285
4.550316
4.711071
4.908691
4.075686
5.545936
2.910454
5.484184
2.696558
5.635497
5.936609
6.207537
4.820161
4.345483
5.603217
4.010108
3.851859
2.59417
5.594191
4.886998
4.385146
2.894401
3.715179
5.727117
5.509465
3.921333
4.489189
3.072529
5.517809
3.014282
2.815976
4.874233
4.665509
4.902764
5.106757
5.081644
4.200753
3.643862
3.984134
4.621183
3.816314
5.56901
3.137656
4.80169
5.010238
4.045547
4.52124
4.542641
4.428578
3.906396
5.099815
4.362267
5.365765
5.093491
5.566671
5.419971
4.856816
3.855583
3.793115
4.160519
5.364422
4.836409
5.431431
5.569388
5.429307
4.215284
5.300794
5.671471
5.16906
3.743922
5.605016
3.562553
5.396073
5.67218
5.805919
4.445632
5.970209
4.836627
5.755226
5.168624
4.559894
5.133767
4.871091
4.851954
5.396365
5.14409
5.231428
4.832275
5.360466
4.938123
3.878633
4.679379
4.889018
3.981286
4.870371
5.155689
4.061292
4.194391
4.358011
5.911145
5.126876
5.456603
2.891897
3.454118
5.464111
5.004472
4.72656
5.708192
3.871604
3.848357
4.149314
3.710186
4.923672
5.210275
5.131623
5.481245
5.435907
5.122022
5.104167
5.455167
3.938957
5.498576
2.723788
3.950582
5.499073
4.065153
4.811357
2.69457
3.81806
5.137401
4.715283
5.405658
3.962791
5.363533
5.350933
3.722587
5.263611
5.277084
4.321804
4.580259
3.496697
3.816573
4.539754
3.832192
4.627318
5.448605
5.510608
3.991804
4.526621
4.528224
5.597302
5.242569
3.712741
4.14842
4.557824
3.395702
4.858738
4.407074
4.117458
5.716133
4.014791
4.565592
5.692532
3.811207
5.442189
4.658372
5.02505
4.659354
3.698599
5.420506
4.406016
5.004463
4.985215
4.219985
5.575351
3.568372
5.434287
3.88264
4.525436
4.751415
4.776045
5.202595
5.162462
5.039679
5.815477
5.304271
4.816127
5.500561
4.258977
5.322193
4.162362
3.942497
4.003091
4.925525
5.18084
5.92923
4.335332
4.381903
4.737843
5.520488
4.528121
4.494958
4.492863
5.243102
4.781252
3.425244
3.715291
5.094536
5.04316
4.411819
4.721847
4.686919
3.353921
5.035809
3.811849
3.364483
3.967327
3.047626
3.820721
4.893001
4.956255
4.577232
4.83881
5.189652
4.849307
5.403038
3.682861
3.726067
4.48521
4.934019
5.037318
2.878928
3.091948
5.05981
4.797632
3.752356
6.048658
3.411158
2.867883
2.937819
3.590401
5.682306
4.978603
5.911591
4.029182
4.33965
4.629463
3.081644
4.649018
4.468354
5.210779
3.76362
3.528545
3.891126
4.826779
4.183753
3.286016
5.535103
4.206666
3.891883
2.968757
3.817476
3.306838
4.206473
5.201115
4.175543
5.871493
5.953909
5.611648
5.643535
5.775195
3.073721
3.406224
4.383429
5.373859
5.633862
5.363767
4.876962
3.719208
4.542528
4.221982
4.990536
4.355022
5.348731
4.459451
5.598319
2.814303
4.240421
3.742599
4.920025
5.172797
5.569585
5.568312
5.836205
5.254419
4.284377
4.827627
4.358479
5.577181
5.368692
4.707132
4.602067
2.765151
4.043131
3.75678
5.745206
4.287567
4.194455
3.142021
5.409966
4.633124
5.177053
5.312889
3.580156
5.752172
4.776954
4.44621
2.990101
4.344105
5.620042
5.109
3.109462
4.07596
4.141997
3.339115
2.938909
4.340376
4.906216
3.79601
3.812687
3.635923
5.376031
3.85462
3.735244
4.437932
3.773552
5.597809
4.833849
2.564966
5.089206
4.988447
3.67472
2.69432
5.395424
4.333783
5.047432
5.548168
5.222345
3.63649
5.374449
4.659347
5.751894
5.666756
5.604555
4.847396
4.318503
4.006859
5.519456
4.630378
4.284697
2.956138
3.939632
5.36831
2.851113
4.70748
4.568286
4.799478
2.992805
5.287945
3.537306
3.83968
5.232465
4.603542
3.415865
4.288167
4.396753
2.670043
2.744033
4.293553
4.765521
3.586896
3.205802
4.524266
5.327219
3.504409
4.815793
4.108215
3.774442
5.207529
5.77316
2.818132
5.826481
5.628813
5.636428
4.857318
5.607247
4.305004
3.942013
4.014602
5.125539
3.914814
4.256099
4.312982
4.512475
4.797517
5.741984
5.605259
4.40538
5.506511
4.332037
4.216386
6.199746
3.647912
5.026003
4.808505
5.784613
4.704203
2.933675
3.938288
4.944503
5.174007
4.703585
4.682322
2.962243
4.989708
4.430425
4.743161
4.389989
5.530061
4.694766
3.103428
3.36227
3.481898
3.60086
4.751798
2.941629
5.427498
5.683657
3.734931
4.996696
4.184966
4.248716
4.256787
5.144144
3.930465
4.992513
3.129825
4.987388
3.993137
2.982571
5.727525
4.095353
3.856783
3.509569
5.67703
3.462191
5.671071
3.266412
4.410837
3.770629
3.743294
4.981101
4.71151
4.330553
3.256356
3.891375
4.84235
4.383691
4.4466
4.310542
3.285904
4.649507
2.857674
5.587948
4.838446
4.671008
5.009158
5.021882
4.864132
3.625262
5.459119
5.64218
3.766486
4.992843
2.948785
5.50031
4.78054
4.798488
5.579386
4.982377
3.499252
5.11122
3.957744
4.93482
5.259007
4.642186
4.141513
4.072926
5.120734
5.058343
4.397159
3.036224
4.634951
4.224392
3.70324
4.691266
2.982097
4.344694
4.943219
3.834181
4.077546
5.620198
3.109376
4.842055
4.469124
4.445693
3.711488
4.156119
3.618823
4.625321
3.494122
2.850768
3.702253
3.292501
4.678613
5.120886
4.269584
4.229705
5.169666
3.35283
5.596241
4.518745
5.293063
4.020615
4.609785
3.842982
4.666393
5.290474
5.437592
5.846277
4.161741
5.731249
5.523312
4.329671
4.462947
3.776707
4.105477
3.774721
2.792882
3.73336
5.449198
4.559007
3.395485
3.262382
5.240267
4.410691
3.804766
4.25541
4.984456
5.021214
3.016801
4.320907
4.057287
6.02205
5.273532
4.407587
5.441121
5.94089
3.25733
5.70041
3.971385
3.948156
5.127767
4.616376
4.367162
3.301183
3.871128
4.98554
3.561754
5.445129
2.98534
4.321802
4.196488
4.614661
4.459226
5.133654
5.681384
5.535129
3.463408
4.092049
5.076163
4.468479
4.68732
3.811479
3.587005
5.793319
3.806289
3.850978
2.644357
2.750532
4.640441
4.99667
5.058322
2.917094
5.155606
3.315281
5.366994
3.642548
5.142497
3.94094
4.565238
3.562386
2.65821
5.605471
2.800148
4.552043
5.063486
4.137751
4.216244
4.884334
4.042366
4.049407
5.871279
5.422492
5.495895
3.678865
4.045431
5.110009
3.310281
4.107292
4.396786
5.576894
4.94827
5.622041
4.927299
3.691844
4.157384
4.370138
5.254595
3.91931
3.190749
3.767543
4.305686
4.863236
4.621881
5.574539
5.320616
4.354808
3.367658
5.647904
5.652761
5.466834
5.531295
3.821002
4.438174
4.143298
5.656804
3.668746
4.053543
3.647264
3.776809
5.5815
4.888828
2.765464
3.927455
3.441889
5.375368
6.150527
5.272381
3.016012
4.292882
3.719853
4.065039
4.300893
5.091102
4.979686
2.840101
5.366314
5.684338
4.479972
3.437713
5.117473
4.672004
4.221627
5.145144
3.701983
4.286556
3.789775
5.561279
5.951421
4.120234
5.07643
4.543744
5.43528
4.487016
5.412787
4.693367
4.209846
5.336141
5.59453
5.819876
4.001417
3.929526
4.511031
5.717756
5.062395
4.00315
4.726683
4.019236
5.546726
5.622254
3.328716
2.80139
3.66571
5.146056
3.887247
4.109747
4.191936
3.913894
2.939146
5.247683
3.51043
4.575441
4.164002
3.513767
3.084588
4.304598
4.286158
3.966633
4.933255
4.617733
6.096573
5.633445
5.045258
4.868013
5.381726
5.491719
5.943511
5.056156
4.038026
4.50876
4.138223
3.487104
4.765496
5.068652
3.905668
6.041634
4.861426
3.304739
5.413843
4.581835
4.857423
6.059739
6.216982
4.175154
4.948088
3.673827
5.608589
3.397725
2.960686
5.645338
5.838165
3.112188
3.937367
3.369339
4.337141
5.156644
3.47098
3.794135
5.095796
4.031758
5.075961
4.371757
2.859747
5.898063
3.636185
4.33484
5.669705
5.076011
4.682489
4.346699
4.733599
4.126478
3.351336
5.092546
4.952381
4.699746
5.549865
3.383043
4.652796
3.053435
4.216888
4.583449
4.490702
4.316917
5.445234
5.431398
5.683704
4.73094
5.405691
5.100999
4.947115
4.087098
2.81397
4.50751
4.071977
2.687739
4.266419
3.761615
4.487893
3.670124
5.07073
5.745742
5.327944
3.079226
5.754977
3.030468
4.729724
4.596593
4.725335
4.455858
4.770603
4.532883
5.490345
3.460768
2.902594
4.781185
6.34606
4.641477
5.577186
4.04767
5.709674
5.579062
3.766396
5.517209
5.002893
4.169481
3.885696
4.974786
3.76113
3.885031
3.859155
4.77406
5.599713
5.732758
3.757054
5.070514
5.032984
6.065483
5.885368
5.129659
5.185909
2.686362
5.013971
5.003586
5.143718
5.323112
4.530842
4.357164
4.820924
5.94472
4.772918
4.896778
4.177634
5.472862
3.797031
4.741227
5.007767
4.690179
5.544748
4.99093
4.442567
3.811318
4.976318
3.59872
4.323045
4.538284
4.433074
5.655965
5.012214
5.05605
4.401323
4.289404
3.66469
4.324361
4.396917
4.263853
4.770114
5.911889
4.581375
5.397089
4.623865
3.385148
4.826719
2.751833
3.373604
3.831545
4.406797
5.156876
5.416106
4.932029
3.836447
4.371957
4.320616
4.392723
5.748333
4.696531
5.512627
5.116022
5.512834
3.104683
4.426882
5.638827
2.669784
4.965616
4.336587
3.369324
5.121448
4.825071
3.041582
3.605961
5.643354
4.958668
4.050228
5.114485
4.546441
5.72438
2.922959
5.655739
5.235683
3.621398
4.119536
4.06614
5.688347
5.08346
4.147813
5.124845
3.385349
5.272068
4.494289
4.105084
5.76412
4.406038
