0478 81 34 84
0488 66 01 02
0473 89 40 94
0493 65 15 45
0483 14 86 76
0471 51 99 80
0472 27 27 86
0497 84 18 64
0470 70 12 57
0475 51 02 11
0471 97 25 86
0476 72 28 23
0496 65 11 72
0497 27 36 73
0487 19 83 57
0477 59 74 63
0493 21 10 09
0472 18 36 06
0470 84 12 76
0476 53 46 79
0493 12 95 15
0470 83 56 73
0497 77 97 29
0474 62 64 23
0479 58 88 61
0483 99 36 24
0498 40 34 73
0497 47 19 60
0471 54 04 44
0496 29 81 91
0482 44 49 50
0497 84 74 14
0480 84 06 93
0470 95 03 43
0498 76 15 55
0494 41 23 17
0497 21 78 16
0477 98 76 91
0498 82 35 33
0498 96 48 86
0498 54 66 81
0478 61 83 98
0472 89 09 30
0477 36 68 20
0491 76 59 89
0471 80 59 65
0485 74 64 19
0491 57 82 33
0471 65 61 88
0490 48 51 52
0487 81 36 19
0473 94 35 82
0472 25 84 04
0476 83 93 03
0484 97 59 42
0499 31 46 64
0485 79 70 86
0474 85 82 11
0492 67 71 25
0479 73 22 82
0474 32 72 78
0482 19 22 02
0473 32 24 29
0482 74 58 72
0491 18 36 93
0484 48 42 49
0482 46 26 84
0474 40 62 60
0487 66 27 47
0484 49 97 07
0475 96 87 77
0474 71 60 64
0492 92 07 87
0475 42 39 70
0479 40 20 06
0497 39 49 89
0478 17 34 60
0490 17 39 05
0485 13 50 06
0489 97 27 38
0487 84 42 08
0489 32 94 05
0488 43 59 66
0471 92 70 71
0478 87 64 23
0481 98 71 97
0472 41 78 23
0499 70 93 28
0490 91 38 89
0475 23 15 76
0471 24 17 58
0483 51 67 51
0474 42 83 22
0471 92 38 11
0492 71 67 44
0479 20 13 03
0495 33 68 87
0486 79 22 04
0479 81 26 93
0487 48 17 96
0491 25 14 21
0476 19 04 06
0493 10 96 89
0499 23 98 00
0472 35 50 63
0475 76 11 39
0485 16 54 31
0473 22 37 12
0476 72 96 00
0475 77 80 12
0470 42 27 36
0499 67 95 48
0471 38 87 19
0472 68 39 87
0475 98 67 96
0482 64 46 60
0486 77 31 26
0483 71 77 64
0490 39 78 03
0478 82 69 94
0498 16 56 77
0493 98 57 46
0495 60 56 32
0490 47 65 87
0471 38 08 62
0492 67 15 29
0483 47 57 52
0475 42 89 34
0476 62 42 65
0473 26 15 88
0484 27 11 31
0479 13 15 14
0475 48 79 55
0482 66 35 32
0473 16 39 72
0484 87 37 03
0489 17 34 83
0483 92 24 88
0484 54 54 48
0485 46 39 83
0472 66 67 95
0484 91 23 51
0490 64 37 08
0486 32 19 38
0485 59 24 06
0481 78 64 33
0483 34 88 06
0471 93 43 09
0475 27 20 38
0474 40 25 09
0480 59 75 15
0495 20 79 78
0492 51 17 39
0488 84 58 18
0493 89 29 12
0490 87 48 49
0494 16 00 33
0480 96 82 54
0487 81 14 96
0480 27 43 45
0474 16 92 58
0472 35 74 75
0494 14 66 22
0478 27 93 98
0479 45 90 87
0496 25 70 01
0474 69 65 03
0498 21 67 88
0496 55 72 08
0499 98 46 06
0470 11 59 92
0484 92 15 22
0479 59 36 16
0498 26 93 64
0474 64 25 04
0494 68 44 41
0498 88 81 74
0480 54 07 03
0479 97 19 18
0494 78 79 43
0473 43 26 78
0499 26 56 25
0487 96 64 16
0499 61 64 08
0486 45 03 47
0478 80 75 48
0470 73 86 14
0492 53 69 97
0479 26 42 46
0484 77 83 81
0476 62 98 81
0484 19 82 20
0487 36 51 86
0476 46 54 84
0489 95 33 16
0489 36 17 35
0488 22 73 75
0494 86 08 43
0470 87 96 74
0496 56 97 57
0482 37 44 71
0475 58 86 60
0499 24 06 70
0477 33 67 89
0474 25 17 42
0483 51 14 93
0487 81 85 19
0482 92 33 43
0490 89 63 86
0483 47 24 02
0491 45 80 39
0486 98 57 10
0488 83 51 32
0488 99 01 10
0470 60 90 41
0487 62 40 68
0476 36 35 66
0496 40 77 44
0499 42 02 28
0470 39 51 81
0488 80 62 32
0474 59 05 22
0491 70 74 51
0498 22 14 35
0471 93 28 42
0497 61 97 37
0494 30 32 21
0493 54 04 82
0473 67 65 93
0480 86 75 85
0492 42 79 66
0492 50 38 38
0476 17 01 75
0480 37 24 81
0477 11 75 08
0471 59 35 45
0493 32 37 22
0480 69 53 39
0485 77 16 90
0492 61 40 86
0473 35 47 23
0489 36 44 31
0493 54 91 00
0482 73 13 86
0491 95 54 96
0495 35 10 84
0483 10 41 11
0473 65 41 18
0485 86 30 65
0482 43 19 46
0494 69 71 89
0493 18 57 54
0489 75 21 90
0499 77 02 70
0485 63 57 48
0493 65 84 91
0474 20 98 42
0474 48 64 50
0495 55 88 40
0499 22 51 51
0492 59 78 00
0478 67 88 37
0498 47 10 51
0484 24 16 22
0481 68 10 88
0486 53 84 38
0472 75 05 12
0472 33 46 53
0497 68 94 57
0483 34 25 95
0488 72 02 58
0475 21 80 72
0489 31 28 41
0473 48 38 63
0471 90 73 88
0477 64 49 68
0479 51 64 03
0481 80 06 10
0495 71 38 04
0488 77 19 54
0470 51 25 06
0488 98 25 88
0492 35 41 69
0476 53 62 54
0474 83 83 32
0484 40 00 19
0478 25 81 27
0495 26 28 32
0474 63 13 58
0483 74 99 85
0495 30 35 46
0481 76 92 24
0474 50 18 94
0493 57 67 43
0483 53 90 55
0475 28 42 21
0479 94 78 97
0493 66 27 59
0470 47 76 01
0473 92 04 76
0473 25 82 60
0475 83 16 56
0472 21 85 11
0495 45 45 44
0485 89 77 12
0476 96 23 26
0492 78 02 13
0498 93 03 62
0477 24 41 21
0490 90 09 23
0477 39 66 57
0475 73 32 32
0470 74 22 84
0497 74 01 59
0481 14 29 32
0473 96 78 87
0496 10 46 93
0470 14 93 96
0488 58 53 63
0483 46 11 57
0480 90 83 25
0474 23 16 72
0485 50 69 00
0493 73 47 39
0474 68 86 78
0495 38 24 20
0485 42 76 28
0485 93 06 00
0470 26 63 22
0483 51 81 92
0485 35 30 17
0498 42 81 38
0488 73 51 73
0480 92 30 21
0498 78 77 84
0498 63 94 60
0476 42 09 12
0498 21 55 08
0482 54 15 48
0479 77 43 70
0485 62 67 38
0488 87 70 10
0480 77 57 06
0485 29 06 59
0474 13 66 61
0498 72 86 36
0488 66 52 13
0497 36 25 88
0470 97 02 21
0490 26 38 84
0479 95 58 25
0471 88 00 12
0491 75 27 61
0489 61 72 08
0474 91 61 71
0486 53 11 02
0495 31 93 78
0473 57 88 65
0486 95 81 91
0497 37 58 61
0480 48 87 27
0490 39 91 61
0498 23 67 19
0477 53 13 91
0479 23 42 99
0487 63 43 77
0478 78 98 06
0471 31 73 81
0483 78 34 72
0498 28 52 88
0480 36 63 34
0489 96 82 22
0480 99 27 16
0470 40 48 51
0491 19 08 31
0492 52 60 30
0490 13 65 44
0475 47 30 75
0476 92 17 26
0473 71 49 53
0488 25 63 78
0492 95 23 41
0490 16 56 96
0496 83 37 51
0475 34 00 71
0481 99 10 54
0493 24 86 37
0489 60 43 32
0490 81 47 37
0473 85 86 78
0487 27 74 66
0488 95 46 33
0484 29 02 85
0481 98 23 56
0491 51 38 70
0488 80 83 08
0477 83 83 63
0486 86 49 91
0480 26 19 68
0487 66 58 85
0490 27 00 86
0489 33 12 72
0489 15 60 26
0488 59 44 19
0474 65 77 50
0480 80 93 25
0493 91 50 98
0481 39 33 66
0471 40 15 10
0498 24 20 92
0480 11 92 75
0498 81 79 09
0483 50 12 41
0471 83 18 19
0499 29 50 32
0475 28 42 46
0485 62 78 57
0485 80 01 08
0496 41 95 37
0486 41 89 80
0475 17 60 11
0495 96 26 78
0472 43 12 49
0485 38 56 88
0480 23 68 89
0491 32 53 30
0486 14 24 30
0499 70 38 44
0485 27 18 87
0496 97 87 81
0474 37 27 22
0495 94 07 01
0495 36 52 48
0477 23 08 40
0483 49 94 61
0486 61 85 68
0473 83 93 53
0470 19 44 52
0478 25 93 11
0496 65 25 26
0497 92 21 15
0486 96 71 69
0492 13 27 47
0497 96 92 74
0470 17 32 71
0486 96 46 70
0491 99 25 01
0497 50 36 33
0482 33 47 27
0487 24 59 12
0470 86 85 95
0478 48 39 17
0499 57 68 09
0484 74 27 47
0488 31 48 95
0488 62 81 68
0482 14 00 90
0475 81 66 81
0489 68 15 44
0472 89 50 48
0492 71 71 30
0492 88 84 10
0497 21 78 30
0486 84 79 00
0498 39 88 45
0498 59 86 70
0476 87 70 47
0490 72 98 72
0481 41 29 56
0485 21 45 83
0493 55 92 03
0481 67 92 89
0480 26 35 19
0475 68 97 20
0475 37 86 78
0474 75 23 01
0482 58 32 85
0485 73 00 91
0478 10 94 96
0488 99 22 83
0475 66 37 52
0482 93 34 24
0477 10 38 34
0487 65 00 77
0470 54 70 68
0472 71 54 93
0488 70 91 85
0475 69 77 35
0479 37 77 08
0485 65 97 65
0471 10 28 71
0482 61 28 65
0482 64 60 19
0494 99 75 31
0478 45 67 86
0489 51 17 84
0481 85 41 17
0499 89 03 05
0474 44 60 70
0486 32 19 26
0481 45 03 99
0497 59 02 27
0476 49 56 30
0482 34 04 89
0478 58 08 59
0484 70 11 92
0489 19 45 83
0485 25 86 06
0483 35 66 88
0475 28 14 30
0473 81 56 04
0494 12 37 04
0484 94 71 37
0475 76 24 89
0497 70 16 08
0470 53 47 52
0495 46 24 34
0474 53 55 21
0486 87 92 13
0482 41 50 31
0470 29 23 92
0482 88 34 65
0496 81 37 50
0498 26 80 60
0470 62 75 89
0478 94 55 93
0491 65 47 70
0480 48 19 25
0499 27 43 92
0495 40 28 96
0494 49 78 71
0498 74 35 86
0477 15 34 64
0483 28 10 88
0474 89 18 58
0494 60 55 08
0470 13 14 87
0495 95 61 46
0496 37 43 01
0485 88 79 67
0486 65 96 83
0477 74 00 70
0481 95 79 81
0485 85 34 26
0496 77 16 48
0490 36 90 25
0475 45 49 12
0498 66 67 06
0486 45 13 89
0492 25 18 10
0495 93 41 60
0484 52 87 42
0491 48 21 26
0473 45 69 38
0485 46 04 53
0471 55 50 36
0472 15 32 26
0492 88 16 56
0494 46 97 68
0471 13 91 78
0499 74 43 21
0485 76 47 90
0499 47 91 87
0497 97 43 44
0487 70 27 51
0489 60 06 24
0496 59 44 31
0498 26 72 53
0489 33 14 49
0497 10 02 77
0488 74 16 66
0495 42 83 37
0477 25 38 10
0485 51 75 36
0498 40 33 71
0484 50 44 30
0487 98 73 32
0492 11 44 70
0493 59 02 39
0471 70 07 98
0472 78 58 23
0493 92 20 57
0484 37 91 52
0477 11 26 32
0497 30 18 40
0489 66 99 43
0497 93 92 79
0486 73 86 44
0470 65 47 40
0483 16 92 05
0486 52 12 16
0491 23 88 15
0475 55 94 39
0473 81 29 61
0475 37 49 28
0489 16 36 93
0497 52 92 10
0473 79 83 49
0498 45 49 42
0497 75 62 42
0493 84 78 93
0483 41 24 97
0479 12 73 75
0483 39 65 36
0491 97 58 63
0486 93 21 23
0488 30 39 06
0471 74 90 70
0498 37 13 40
0483 47 58 28
0477 86 78 09
0470 19 19 76
0472 15 68 51
0482 15 35 40
0472 39 52 17
0492 47 25 17
0473 12 03 83
0487 36 72 32
0485 22 66 79
0493 76 60 70
0496 65 51 26
0474 43 21 20
0477 42 31 96
0471 85 71 30
0473 72 35 99
0499 10 37 79
0478 14 22 31
0474 43 85 86
0483 90 15 46
0471 52 23 45
0494 98 05 83
0493 51 49 35
0475 97 09 95
0483 21 57 90
0483 88 05 41
0487 21 61 03
0473 21 61 06
0474 21 69 48
0477 67 45 16
0482 49 15 04
0482 22 49 78
0497 79 64 79
0475 28 90 55
0481 38 09 28
0497 43 23 93
0473 29 54 95
0495 30 01 41
0486 24 86 07
0489 35 25 95
0475 14 56 19
0481 87 43 86
0494 53 41 51
0477 50 63 62
0476 76 13 56
0470 35 26 29
0477 26 92 57
0493 29 60 49
0485 92 01 58
0476 83 72 39
0492 95 77 34
0484 40 69 01
0490 57 02 34
0493 56 44 80
0473 33 16 12
0493 14 27 19
0477 94 38 02
0494 17 51 87
0483 15 99 36
0490 16 43 16
0478 75 08 39
0497 74 13 62
0478 58 91 57
0472 94 99 65
0498 24 44 57
0495 77 27 70
0496 68 00 40
0478 38 88 52
0476 87 55 51
0471 96 21 90
0481 47 59 97
0496 44 36 17
0485 55 72 83
0489 96 90 24
0497 98 29 76
0486 29 15 79
0474 59 40 13
0499 84 51 21
0484 23 69 16
0470 97 87 05
0499 61 30 22
0489 96 08 53
0482 73 42 29
0476 75 63 57
0474 18 38 57
0481 33 52 84
0487 39 40 89
0483 84 46 97
0498 34 27 67
0479 57 10 67
0495 67 95 64
0471 12 23 10
0495 18 70 78
0495 53 86 64
0496 76 06 57
0491 45 22 26
0499 40 95 98
0485 43 85 24
0479 98 33 24
0488 13 06 95
0472 76 29 60
0491 70 80 14
0475 23 64 69
0471 97 90 19
0471 83 01 56
0471 89 78 35
0493 98 34 62
0473 81 32 49
0493 88 49 16
0474 83 41 63
0499 46 83 23
0485 47 99 63
0487 66 93 35
0487 17 34 89
0489 58 86 01
0491 60 14 79
0493 88 17 90
0483 75 68 86
0486 58 03 40
0499 47 28 74
0497 69 55 17
0490 37 18 01
0470 27 04 34
0488 72 86 84
0488 63 70 43
0470 32 00 96
0481 19 87 36
0499 22 57 84
0477 14 05 10
0472 95 60 74
0478 89 40 29
0488 43 65 11
0481 49 03 76
0486 32 94 25
0484 54 82 57
0488 84 92 20
0474 32 38 27
0481 43 72 33
0493 16 32 61
0491 93 06 66
0479 59 54 55
0471 81 66 34
0482 41 10 53
0482 28 35 23
0474 74 58 00
0488 45 59 23
0486 76 95 63
0487 13 82 52
0495 58 34 18
0498 89 02 65
0492 92 72 56
0484 97 32 65
0491 42 39 63
0491 77 64 57
0494 46 62 43
0490 25 27 34
0482 25 13 05
0482 14 31 25
0487 93 39 38
0490 28 57 40
0494 66 03 73
0476 87 90 97
0488 33 82 81
0486 64 01 66
0482 43 28 01
0482 80 35 15
0479 99 06 67
0482 73 71 74
0487 26 72 85
0486 21 19 68
0475 11 46 82
0486 87 36 58
0499 45 04 84
0495 77 29 26
0478 84 72 37
0474 33 57 71
0477 20 63 05
0499 65 87 26
0496 71 98 54
0472 28 54 11
0481 28 57 04
0485 88 65 65
0473 47 41 07
0476 67 53 80
0482 44 67 37
0493 20 39 97
0481 76 53 90
0473 12 34 24
0479 30 47 00
0476 82 48 43
0487 84 99 85
0493 19 49 94
0472 96 40 60
0489 24 43 83
0474 89 07 07
0494 85 36 42
0471 98 27 71
0481 23 22 01
0470 34 24 45
0486 81 44 28
0478 76 74 52
0486 41 40 57
0497 73 49 29
0497 14 51 21
0485 83 49 95
0499 92 94 68
0484 30 26 01
0482 80 43 95
0498 55 23 72
0484 70 75 31
0473 86 15 99
0477 48 65 62
0496 54 20 19
0474 50 09 80
0480 30 16 58
0496 57 64 81
0483 63 66 74
0475 45 54 37
0497 80 29 23
0494 12 66 14
0494 16 17 99
0487 59 33 06
0495 98 81 42
0499 19 58 64
0474 16 88 80
0471 47 66 29
0470 65 38 13
0474 85 57 56
0472 11 39 37
0499 42 31 57
0481 76 93 82
0489 50 32 24
0487 52 00 28
0488 12 65 14
0481 45 09 71
0480 15 84 56
0493 31 38 53
0481 54 43 03
0491 56 95 16
0486 41 55 55
0482 15 56 14
0484 42 10 90
0474 96 92 51
0471 72 96 63
0498 64 35 05
0491 52 42 12
0484 86 10 57
0479 52 50 97
0497 64 27 73
0470 74 44 66
0478 79 93 00
0494 97 03 14
0486 86 48 48
0484 83 76 52
0481 84 71 94
0476 80 08 48
0479 21 94 16
0474 85 97 55
0490 94 36 78
0484 46 60 52
0486 64 95 25
0482 70 85 62
0492 69 87 25
0477 14 89 28
0499 50 05 31
0473 93 02 69
0499 45 06 80
0480 47 91 85
0476 28 88 19
0488 25 67 69
0496 59 38 26
0497 60 45 00
0489 49 97 39
0479 91 12 84
0476 65 56 44
0487 27 95 27
0483 61 41 36
0471 98 38 20
0478 26 65 73
0495 17 42 99
0470 57 67 54
0474 46 56 34
0489 43 02 02
0475 30 14 27
0489 17 68 69
0477 48 57 39
0477 73 77 91
0478 12 25 08
0487 87 80 61
0493 36 35 76
0476 70 19 39
0490 99 92 46
0471 72 80 60
0480 17 67 86
0471 82 18 72
0474 68 67 66
0481 85 23 01
0470 35 51 93
0479 19 46 80
0478 63 86 29
0479 59 29 07
0489 40 01 00
0496 83 32 87
0481 22 24 49
0492 83 95 64
0477 42 17 79
0476 42 59 43
0475 76 54 83
0494 66 27 25
0490 59 06 68
0483 84 55 24
0491 61 56 80
0479 68 75 30
0490 14 87 34
0487 94 92 82
0471 10 82 37
0478 79 59 93
0482 88 41 09
0476 65 76 21
0499 29 95 46
0490 31 21 93
0485 48 38 63
0485 17 33 48
0473 99 37 67
0483 22 55 86
0493 73 05 01
0495 23 71 21
0476 67 44 66
0484 32 55 50
0471 13 07 47
0477 48 98 16
0481 28 61 75
0493 83 87 33
0487 73 00 34
0496 64 14 17
0479 53 33 70
0479 48 43 25
0475 80 86 28
0493 48 13 45
0482 29 71 11
0487 55 01 27
0471 42 23 14
0489 22 61 84
0484 61 73 02
0494 24 98 37
0488 74 08 82
0470 44 19 88
0470 63 60 42
0481 86 64 26
0478 63 30 22
0496 56 28 47
0487 38 23 72
0486 75 46 17
0493 85 36 07
0471 66 42 85
0474 66 86 61
0495 99 65 74
0470 24 50 62
0492 24 70 88
0482 69 77 60
0491 33 81 79
0484 91 81 98
0481 83 04 14
0499 36 43 37
0478 42 69 29
0484 26 66 31
0474 75 85 30
0472 61 21 50
0478 15 82 85
0494 33 81 66
0480 55 57 63
0493 24 93 48
0477 51 31 23
0479 55 97 42
0477 68 57 41
0490 86 01 77
0473 93 01 24
0473 19 70 33
0489 90 32 48
0482 89 49 92
0474 19 88 00
0482 91 04 31
0482 31 83 60
0498 35 00 93
0489 51 61 34
0473 77 04 50
0494 65 20 90
0479 14 22 21
0486 56 77 59
0473 20 38 81
0471 28 24 51
0481 68 03 92
0497 22 25 12
0495 25 56 09
0490 44 66 05
0491 25 65 90
0479 58 48 43
0481 18 70 83
0475 70 11 52
0477 82 57 52
0475 83 69 69
0482 59 21 55
0495 75 49 22
0493 23 71 38
0493 92 38 15
0499 48 42 56
0482 61 96 08
0487 59 53 49
0494 69 22 34
0492 72 95 75
0489 80 54 58
0490 81 23 95
0495 57 14 99
0497 45 38 90
0471 98 19 76
0488 80 57 79
0482 73 49 49
0476 12 37 77
0476 43 62 52
0493 93 30 60
0479 55 07 38
0494 37 90 56
0494 43 63 32
0496 66 45 17
0476 32 53 25
0495 15 75 90
0475 35 12 97
0494 45 69 02
0498 33 40 99
0478 98 06 11
0474 46 42 13
0474 14 94 44
0481 97 18 99
0478 62 32 35
0492 40 97 38
0491 56 65 45
0495 80 08 53
0478 93 23 42
0499 45 76 48
0490 30 67 66
0480 29 84 51
0472 54 28 37
0473 65 38 20
0475 22 40 36
0488 35 72 69
0487 69 65 55
0481 82 05 89
0498 32 83 47
0477 24 70 29
0488 34 75 35
0494 66 27 15
0489 55 82 64
0475 48 78 63
0492 24 56 98
0496 63 41 88
0470 87 91 23
0471 70 16 06
0490 72 16 62
0479 17 58 26
0482 49 11 09
0485 34 14 88
0472 47 86 64
0482 76 61 08
0478 62 37 30
0478 53 62 70
0487 84 95 24
0484 85 19 49
0490 21 16 47
0496 78 91 92
0486 87 21 91
0483 95 02 47
0477 82 05 48
0486 92 43 79
0470 63 14 24
0493 46 59 74
0493 14 24 53
0477 47 95 90
0483 33 74 62
0495 55 67 58
0470 34 87 90
0480 56 07 62
0494 59 38 43
0473 58 25 77
0499 52 81 06
0499 10 93 72
0497 76 11 78
0497 17 84 46
0499 33 77 35
0482 24 22 72
0486 90 74 47
0498 75 31 63
0487 79 01 74
0471 82 70 51
0473 87 63 49
0489 72 62 67
0486 73 51 98
0475 86 91 02
0484 93 74 49
0482 62 11 75
0489 61 65 35
0479 50 20 37
0472 80 33 78
0495 75 75 19
0470 31 67 79
0473 89 31 24
0481 51 19 83
0480 22 54 66
0489 32 87 33
0475 56 27 33
0489 83 37 21
0493 34 27 70
0487 63 08 94
0471 34 96 57
0470 38 04 50
0477 13 74 81
0484 11 37 22
0478 61 33 58
0480 14 11 41
0499 52 71 20
0490 94 75 75
0475 45 03 08
0489 32 54 55
0485 51 60 25
0485 90 14 02
0476 89 29 71
0481 26 18 05
0486 80 02 72
0494 49 04 23
0472 70 96 78
0480 65 64 01
0474 85 06 33
0490 15 30 61
0471 84 85 05
0497 54 93 42
0480 75 62 18
0498 98 63 28
0481 73 56 58
0471 71 13 92
0472 91 55 72
0488 59 58 90
0470 68 30 49
0499 89 49 32
0473 63 64 88
0480 63 73 58
0478 33 63 91
0479 76 88 55
0482 35 01 22
0482 34 68 97
0491 97 06 28
0484 30 14 28
0489 68 44 70
0482 46 78 38
0498 24 95 88
0490 75 57 46
0471 65 02 96
0496 81 49 50
0475 80 84 59
0491 28 84 28
0480 28 77 46
0472 73 21 30
0480 86 32 64
0480 93 00 03
0483 24 81 56
0475 95 26 30
0476 70 91 70
0483 41 26 35
0479 57 60 03
0471 73 61 85
0493 74 10 12
0492 19 56 77
0496 25 34 21
0497 72 98 37
0485 59 51 06
0481 22 08 01
0499 50 76 47
0492 12 80 82
0479 22 54 70
0471 45 16 45
0477 96 61 37
0492 75 00 09
0493 57 61 35
0482 76 65 31
0473 68 35 44
0487 61 68 52
0481 37 85 34
0491 55 86 21
0470 98 15 35
0494 21 34 65
0473 50 18 17
0494 63 42 73
0492 89 49 67
0475 59 00 89
0475 27 93 22
0489 75 76 73
0497 71 08 37
0490 70 59 86
0484 50 67 37
0495 44 35 87
0494 69 47 57
0479 63 46 79
0486 53 56 37
0478 32 79 99
0480 30 53 35
0471 73 88 95
0485 48 52 85
0488 15 97 43
0484 98 41 00
0489 81 15 49
0475 47 01 45
0470 45 12 73
0492 84 45 42
0492 85 62 13
0471 69 99 58
0498 28 85 90
0475 32 32 89
0488 48 72 70
0486 94 78 77
0483 26 64 97
0493 89 44 16
0499 74 40 32
0496 76 79 47
0471 67 18 17
0472 53 77 22
0478 42 17 08
0497 53 27 41
0478 31 02 04
0490 38 82 52
0481 34 75 65
0478 32 68 14
0476 17 29 40
0485 82 13 95
0488 46 19 80
0472 17 84 99
0497 29 08 47
0489 81 04 21
0494 43 63 18
0492 69 99 06
0472 32 79 99
0473 72 32 76
0497 28 98 99
0473 44 31 90
0471 82 10 86
0486 61 90 65
0497 91 45 03
0484 49 15 71
0470 34 55 65
0470 34 31 03
0491 84 53 14
0471 18 57 96
0478 36 05 71
0491 89 63 64
0478 79 65 54
0486 60 29 27
0484 80 42 81
0479 65 59 98
0489 31 35 88
0479 56 08 47
0492 92 74 94
0495 42 98 45
0481 15 24 29
0472 36 19 57
0471 41 27 81
0480 51 56 92
0490 39 43 47
0495 64 54 02
0487 53 72 85
0491 19 24 33
0496 27 08 28
0492 41 66 22
0477 64 35 75
0486 77 09 68
0492 97 44 73
0493 69 48 44
0483 23 65 45
0485 63 16 52
0481 34 21 33
0484 76 80 69
0490 48 68 43
0478 29 41 18
0475 22 83 13
0481 72 34 34
0481 57 78 98
0482 12 93 35
0475 28 96 70
0483 99 23 86
0475 40 85 89
0499 16 93 82
0481 12 94 98
0496 40 54 29
0473 46 50 77
0479 89 62 28
0499 93 29 73
0472 75 13 53
0474 94 57 93
0471 21 96 23
0481 92 08 69
0479 91 19 63
0487 13 84 94
0479 85 97 85
0478 13 98 99
0471 87 73 37
0487 18 88 82
0495 45 38 71
0470 30 90 34
0478 25 46 18
0474 97 91 43
0498 25 63 11
0479 38 41 07
0485 10 00 34
0493 52 24 38
0496 54 23 19
0485 88 52 79
0492 63 77 07
0499 58 74 82
0472 74 29 52
0470 16 75 07
0494 45 28 81
0470 52 26 05
0479 54 42 76
0481 70 10 73
0481 10 51 08
0488 62 88 37
0471 87 71 90
0471 81 31 55
0485 25 08 11
0481 86 24 44
0483 62 51 05
0487 72 54 79
0486 74 24 44
0482 38 77 12
0487 24 99 03
0492 96 23 08
0484 31 64 07
0483 50 97 61
0490 83 48 32
0497 23 78 59
0490 70 21 09
0475 43 47 37
0491 56 72 16
0482 31 81 51
0483 15 35 38
0476 26 79 93
0495 29 62 06
0477 85 17 87
0490 46 63 12
0479 35 55 94
0472 85 14 23
0489 26 16 10
0499 63 74 57
0479 42 52 22
0496 62 02 30
0475 77 84 11
0489 56 65 37
0497 21 47 81
0498 92 22 03
0472 14 01 40
0472 66 02 62
0480 93 39 53
0499 77 51 59
0496 39 99 19
0491 25 66 61
0499 73 19 45
0495 88 45 70
0487 13 97 33
0491 55 64 18
0471 87 95 00
0496 33 61 65
0479 95 52 15
0483 32 33 48
0497 12 11 31
0490 18 79 54
0496 31 44 97
0486 73 07 07
0491 83 47 39
0494 57 34 54
0485 91 24 04
0483 97 22 89
0497 58 10 83
0473 89 63 88
0475 29 37 32
0470 24 12 87
0477 53 22 72
0470 22 72 62
0483 81 57 47
0496 19 17 70
0497 61 45 47
0477 19 95 51
0481 56 06 57
0487 61 21 68
0499 45 67 98
0472 92 78 94
0473 63 82 27
0491 78 16 35
0499 80 46 27
0486 54 37 00
0492 45 67 06
0473 50 43 20
0482 57 54 27
0499 24 45 04
0470 63 75 38
0478 40 09 81
0494 90 85 21
0495 89 89 62
0487 58 03 74
0476 70 02 82
0481 21 72 91
0470 51 93 81
0472 46 51 99
0472 15 03 96
0484 89 25 86
0493 47 99 00
0485 56 37 24
0495 59 75 83
0477 55 56 83
0480 11 13 82
0489 73 77 20
0489 20 22 97
0497 32 97 61
0491 24 74 74
0494 22 69 02
0470 10 14 15
0489 69 22 45
0470 75 52 06
0491 69 99 13
0482 63 33 22
0484 46 59 99
0473 21 60 20
0481 88 84 01
0487 25 99 02
0472 18 49 44
0478 61 41 15
0491 91 60 16
0477 41 66 70
0492 53 55 17
0486 87 93 59
0499 72 96 25
0477 41 57 82
0495 32 27 26
0496 47 51 39
0470 19 86 23
0475 63 21 09
0486 99 70 06
0484 66 42 28
0493 13 27 65
0489 30 32 46
0480 45 98 97
0479 70 50 99
0498 38 66 52
0482 31 40 87
0498 80 92 70
0475 11 83 67
0489 82 04 88
0475 28 09 08
0482 48 56 42
0491 85 83 58
0479 97 79 45
0474 22 26 75
0495 17 23 54
0474 13 21 22
0497 29 02 84
0498 30 64 38
0494 61 87 89
0477 83 72 51
0492 29 58 20
0498 63 65 93
0482 34 97 66
0484 62 76 64
0476 60 53 96
0470 54 34 70
0492 40 29 81
0490 79 75 01
0481 60 17 20
0476 71 28 58
0483 48 18 24
0488 49 83 04
0495 49 09 63
0479 63 00 02
0496 28 77 42
0474 16 74 16
0485 53 76 51
0472 41 82 07
0475 99 18 33
0499 50 24 92
0490 34 66 09
0489 58 14 55
0484 82 38 76
0474 52 00 24
0479 71 10 37
0483 59 25 45
0473 38 90 94
0479 30 72 35
0490 10 84 56
0487 40 72 46
0478 84 12 98
0493 21 87 21
0486 36 87 01
0473 38 21 84
0485 60 60 77
0471 98 64 62
0470 46 66 09
0484 35 04 20
0491 33 30 60
0471 57 18 54
0474 69 27 01
0492 96 85 34
0487 20 05 08
0476 53 49 36
0480 38 73 83
0484 66 30 34
0472 53 93 48
0498 97 68 27
0494 43 97 72
0482 26 73 47
0492 11 01 35
0490 98 81 32
0478 79 22 55
0494 62 95 68
0493 84 44 00
0475 91 72 95
0493 92 56 61
0498 81 24 17
0483 64 87 28
0481 46 60 84
0478 14 38 60
0487 65 92 50
0492 52 55 53
0474 33 59 28
0499 38 87 00
0486 69 28 41
0499 12 29 76
0493 41 00 95
0486 19 84 38
0483 24 36 73
0483 20 88 08
0472 73 83 73
0482 93 50 69
0483 51 96 52
0491 98 43 27
0470 67 32 50
0483 67 39 61
0497 72 76 28
0480 87 73 88
0485 37 26 35
0476 49 79 36
0487 60 76 71
0490 72 83 15
0488 42 02 19
0477 52 63 53
0481 74 67 13
0487 96 29 27
0499 58 16 64
0491 86 41 60
0472 37 70 84
0496 66 21 71
0478 66 61 50
0480 79 40 99
0488 18 63 81
0473 60 70 34
0490 58 96 77
0478 59 26 37
0470 28 10 46
0499 26 89 46
0493 86 79 42
0474 51 79 43
0478 67 09 16
0488 58 03 18
0482 64 22 65
0494 52 43 53
0493 68 49 88
0483 68 59 98
0476 12 67 75
0487 15 57 04
0480 17 95 31
0481 83 15 37
0484 71 28 96
0487 94 81 87
0485 33 34 66
0489 61 55 49
0471 93 32 17
0492 69 18 30
0499 91 18 01
0480 60 33 14
0494 56 41 48
0486 93 92 41
0477 64 45 40
0474 70 03 80
0487 34 60 39
0493 20 99 69
0475 79 91 49
0480 93 01 34
0493 49 79 58
0475 12 88 84
0484 84 42 52
0474 34 84 43
0492 29 09 50
0484 20 53 57
0484 26 18 84
0486 47 46 27
0493 38 86 62
0481 25 11 21
0489 78 42 92
0472 58 88 75
0494 30 61 62
0490 39 83 83
0488 65 17 29
0481 98 17 67
0488 64 42 20
0493 75 63 15
0470 40 89 96
0484 43 25 31
0485 45 97 02
0472 20 84 68
0497 54 87 36
0491 88 50 68
0482 83 49 90
0483 70 99 83
0481 16 60 43
0476 18 68 37
0479 57 16 72
0495 76 99 58
0487 15 62 96
0478 31 04 59
0492 13 29 31
0487 15 91 99
0483 63 25 51
0479 38 73 04
0482 78 49 39
0479 91 42 91
0485 57 07 42
0485 86 69 21
0488 77 29 58
0482 49 30 66
0498 97 09 90
0470 43 17 61
0471 72 07 70
0487 52 27 10
0487 15 95 68
0482 24 66 91
0493 69 05 18
0485 65 84 22
0471 17 57 04
0487 75 74 29
0482 45 55 26
0485 21 70 07
0481 52 90 13
0476 55 24 22
0475 50 87 45
0475 31 81 68
0494 83 99 22
0484 93 97 99
0483 20 74 69
0488 90 31 47
0471 29 89 10
0499 96 26 97
0499 79 26 07
0498 75 81 13
0497 51 91 71
0475 41 87 91
0489 23 49 08
0490 87 45 60
0479 31 40 89
0485 88 60 78
0490 31 59 85
0473 49 24 72
0475 88 94 62
0479 13 74 88
0485 76 31 72
0495 54 60 22
0489 32 14 19
0489 40 09 11
0498 35 76 18
0471 27 06 25
0470 13 68 71
0485 49 31 19
0489 75 32 50
0497 53 96 86
0477 54 66 31
0496 26 90 76
0480 11 02 07
0492 33 34 56
0479 58 02 73
0490 94 79 41
0483 83 63 85
0472 33 06 13
0495 35 42 36
0478 31 74 25
0475 30 56 71
0492 22 52 93
0474 71 25 48
0497 90 39 63
0483 75 30 71
0499 92 73 21
0478 68 99 72
0484 33 42 88
0487 55 83 88
0476 33 47 91
0496 58 03 58
0480 52 60 03
0493 70 11 16
0480 81 34 49
0495 83 37 49
0493 78 71 87
0485 77 56 07
0497 82 98 97
0486 52 30 98
0479 44 17 45
0477 22 65 59
0499 15 43 30
0489 28 85 97
0479 64 89 38
0482 50 21 47
0479 93 26 28
0471 78 40 64
0483 22 36 99
0490 81 69 35
0488 20 58 74
0490 91 75 24
0498 87 12 37
0490 66 39 00
0498 78 73 11
0477 18 33 47
0476 98 31 64
0475 84 07 33
0483 53 42 54
0472 71 04 75
0499 88 96 02
0479 83 18 59
0479 24 41 51
0488 41 80 79
0485 13 25 05
0494 89 81 07
0495 85 45 48
0479 59 79 98
0491 27 97 14
0487 36 00 91
0482 37 00 35
0490 57 76 87
0480 98 34 13
0473 44 91 89
0492 60 96 00
0481 98 83 44
0499 35 15 27
0471 10 81 57
0490 74 25 37
0475 79 04 49
0472 33 09 17
0490 16 91 98
0479 25 26 72
0494 87 23 86
0492 18 97 31
0472 46 96 73
0485 23 31 91
0474 32 60 29
0491 90 99 88
0489 59 79 54
0472 48 98 59
0482 31 35 68
0495 71 73 75
0477 62 79 30
0499 44 31 47
0479 24 27 54
0494 43 13 39
0478 91 00 65
0492 57 95 78
0493 73 41 67
0497 54 88 97
0489 64 07 65
0472 24 39 96
0471 27 74 99
0483 36 31 77
0478 46 79 35
0495 85 15 72
0487 95 57 58
0472 91 77 68
0488 41 73 45
0495 22 12 42
0477 32 25 17
0475 87 88 57
0486 98 65 93
0484 70 08 95
0478 65 26 16
0478 90 58 83
0473 54 59 92
0488 95 01 55
0472 88 56 77
0496 38 87 03
0496 66 54 09
0490 52 50 38
0476 10 61 09
0473 26 68 28
0488 79 27 27
0487 31 44 66
0477 81 20 28
0471 18 59 30
0480 74 34 21
0484 87 73 84
0471 36 53 36
0497 30 81 51
0477 53 29 86
0499 79 49 55
0477 21 73 27
0476 93 49 45
0493 97 43 94
0475 95 11 14
0474 66 87 15
0497 28 09 17
0488 81 57 61
0489 90 07 50
0481 14 54 69
0491 16 66 98
0470 65 50 62
0489 54 16 99
0472 34 25 87
0484 64 56 03
0482 70 72 04
0475 75 64 62
0493 55 49 67
0472 15 99 10
0473 55 59 45
0498 65 63 80
0477 89 85 22
0494 10 07 06
0483 95 26 15
0479 98 91 81
0472 75 63 91
0493 87 28 97
0480 56 68 13
0485 60 76 82
0482 83 48 34
0491 86 90 11
0489 11 67 09
0492 17 45 65
0492 80 90 23
0488 40 72 75
0491 15 33 19
0477 62 12 44
0497 47 48 59
0498 29 69 33
0484 20 72 05
0499 52 25 32
0477 45 46 36
0487 28 51 14
0496 60 05 89
0480 97 35 93
0481 59 21 15
0498 75 72 71
0476 44 70 86
0474 97 70 32
0482 14 87 65
0472 96 11 69
0489 65 19 18
0484 33 67 45
0470 55 15 46
0496 64 71 43
0484 15 89 82
0472 73 38 66
0483 18 12 40
0475 28 34 64
0472 14 60 01
0487 64 79 49
0498 12 30 52
0496 53 53 72
0470 12 26 28
0498 34 15 15
0474 79 75 00
0487 18 60 24
0497 27 13 19
0486 19 27 97
0495 54 72 34
0475 87 52 93
0481 16 96 17
0490 44 94 54
0478 45 55 32
0478 12 27 74
0481 76 98 52
0485 58 00 04
0480 24 35 60
0498 35 64 56
0496 69 44 93
0492 32 47 91
0498 87 33 52
0486 44 66 53
0481 97 33 96
0484 87 07 83
0495 83 65 87
0480 67 12 01
0471 38 35 54
0472 61 53 82
0496 52 14 50
0488 52 25 74
0483 28 08 80
0495 67 78 48
0488 52 23 19
0471 96 04 93
0497 64 92 38
0491 33 92 76
0478 87 50 32
0486 96 52 04
0474 91 29 47
0499 21 28 76
0476 37 51 31
0480 33 28 34
0495 70 86 82
0482 25 23 52
0492 92 76 68
0480 64 59 62
0494 31 53 61
0471 80 02 43
0486 88 47 93
0472 36 68 30
0484 45 26 34
0496 25 51 53
0471 68 32 01
0493 13 45 61
0492 66 59 44
0496 81 74 75
0478 96 72 01
0473 20 60 12
0480 44 90 96
0482 60 56 98
0481 69 31 00
0482 46 30 68
0471 45 38 35
0485 41 77 48
0495 72 26 42
0479 71 56 72
0483 46 52 56
0491 69 20 53
0493 81 81 58
0476 36 31 16
0480 83 97 04
0470 86 48 29
0488 20 55 46
0482 84 99 56
0494 58 18 44
0485 84 01 21
0493 32 06 45
0470 80 93 91
0488 32 15 47
0470 70 04 18
0474 38 32 59
0499 53 78 95
0476 53 73 15
0492 39 79 41
0486 87 59 47
0498 66 99 02
0471 97 02 31
0470 12 43 55
0471 12 87 09
0498 67 89 16
0474 43 55 35
0477 43 33 86
0480 99 07 13
0486 12 68 65
0484 27 95 24
0474 84 01 38
0489 91 07 15
0496 79 72 08
0497 18 11 93
0474 14 78 22
0499 12 08 54
0483 79 14 85
0490 85 67 45
0476 86 65 55
0480 50 76 60
0490 91 50 59
0495 99 68 63
0482 77 09 23
0484 22 74 92
0470 20 52 14
0481 93 58 62
0484 22 07 59
0488 25 14 76
0487 98 01 13
0496 10 56 41
0478 73 38 36
0477 84 66 09
0492 57 40 54
0484 91 35 80
0475 24 91 78
0478 42 91 95
0499 82 14 36
0484 69 56 84
0480 52 41 66
0497 94 15 89
0471 93 38 11
0473 52 62 00
0491 95 86 90
0486 79 89 88
0479 41 96 62
0487 22 15 57
0498 49 30 29
0497 42 50 86
0489 60 25 17
0499 83 97 46
0495 26 88 97
0473 83 98 23
0493 70 28 36
0470 20 42 40
0477 98 27 88
0494 55 96 51
0474 97 77 83
0485 79 12 62
0477 10 52 54
0473 87 58 44
0471 56 62 72
0477 83 87 90
0470 16 34 24
0482 10 17 55
0491 98 59 80
0490 44 84 12
0487 15 45 07
0471 81 06 46
0470 94 05 38
0487 34 32 78
0483 85 07 11
0483 65 45 40
0498 87 55 07
0495 95 17 24
0484 72 51 84
0499 63 14 20
0487 18 53 60
0478 84 66 73
0478 26 97 47
0496 76 71 65
0497 31 03 96
0480 20 99 02
0485 79 98 41
0480 24 22 66
0486 35 29 01
0473 30 46 68
0485 19 33 18
0470 27 45 83
0476 77 78 82
0485 22 99 31
0487 66 25 41
0498 49 67 30
0485 38 64 05
0487 19 91 37
0491 62 61 31
0472 99 21 08
0472 74 43 21
0493 39 97 80
0470 77 04 53
0493 24 45 54
0484 16 97 28
0473 36 79 43
0495 55 04 52
0480 47 79 02
0484 88 17 10
0470 64 44 13
0475 97 36 05
0488 98 42 38
0493 35 34 81
0477 43 53 01
0486 12 08 03
0487 93 43 52
0494 88 61 51
0476 98 42 00
0484 75 72 35
0484 38 86 73
0477 81 41 64
0494 10 29 49
0479 64 10 34
0496 50 80 10
0471 17 99 04
0476 15 27 08
0480 39 86 84
0478 77 48 44
0475 46 66 08
0495 56 35 36
0488 25 18 72
0480 58 06 69
0477 98 10 92
0487 25 64 44
0484 94 83 46
0477 77 08 98
0493 36 50 38
0495 77 42 26
0493 15 48 47
0480 22 41 39
0487 73 98 39
0492 96 47 55
0494 47 11 29
0499 20 39 37
0474 11 91 88
0470 17 17 44
0478 63 94 14
0476 54 35 72
0477 62 31 97
0474 71 09 74
0495 30 54 96
0494 43 05 38
0476 35 97 94
0472 11 09 12
0480 62 96 31
0471 94 04 31
0483 21 30 42
0499 44 26 01
0493 91 59 65
0489 40 93 91
0496 31 96 54
0499 96 15 64
0482 65 78 08
0482 54 17 45
0473 51 36 91
0499 28 25 90
0495 71 99 80
0470 66 43 36
0491 35 25 35
0495 63 11 91
0497 58 52 43
0471 94 65 73
0491 27 49 01
0475 97 93 50
0494 65 44 22
0475 61 47 97
0482 87 29 53
0486 74 75 90
0470 70 70 15
0476 59 05 45
0493 14 12 99
0483 19 07 04
0490 65 45 20
0493 20 52 40
0484 11 83 19
0482 73 24 99
0498 75 32 64
0492 78 44 19
0482 73 58 07
0477 68 35 31
0482 59 93 53
0489 77 84 84
0497 32 74 68
0481 93 12 84
0496 25 12 17
0483 18 55 91
0479 65 92 91
0489 73 09 99
0475 54 54 25
0494 76 45 40
0498 91 66 63
0498 12 29 78
0484 84 51 13
0472 54 46 52
0486 55 12 92
0480 43 42 91
0474 75 36 03
0473 14 72 89
0495 86 26 64
0490 49 74 19
0485 12 89 54
0480 27 42 05
0499 91 84 41
0495 44 12 98
0476 46 33 28
0490 78 91 89
0471 78 28 29
0476 12 47 13
0494 78 59 35
0472 94 51 93
0477 71 62 86
0474 62 38 06
0486 50 32 08
0475 82 84 11
0493 80 19 87
0487 85 49 56
0477 94 52 58
0481 21 43 54
0485 89 81 25
0492 89 25 59
0496 53 01 95
0473 20 37 41
0475 12 22 58
0479 24 98 78
0499 53 28 28
0489 17 55 26
0471 22 75 42
0495 14 31 77
0490 62 55 49
0498 88 35 01
0486 70 56 09
0472 78 87 45
0498 93 02 54
0484 47 77 58
0486 69 36 35
0497 50 11 57
0482 77 89 01
0477 26 71 33
0487 72 97 98
0492 19 99 70
0495 60 35 00
0479 33 64 57
0484 55 97 12
0496 64 26 11
0486 31 05 45
0489 13 62 82
0481 36 20 65
0478 80 98 02
0480 71 30 80
0470 37 12 53
0490 52 40 87
0486 52 28 15
0497 22 67 74
0474 98 08 62
0488 46 97 35
0493 92 71 81
0476 80 88 58
0488 88 75 14
0498 84 73 82
0477 90 55 83
0499 47 13 26
0474 49 69 74
0496 47 69 16
0487 48 25 78
0492 68 66 64
0497 13 30 22
0470 68 11 67
0492 63 07 03
0495 64 34 57
0473 18 02 42
0493 17 19 45
0499 12 78 74
0482 12 01 27
0478 73 23 04
0474 73 10 37
0484 46 93 05
0471 22 01 45
0479 27 89 83
0484 22 17 73
0493 47 69 40
0471 23 97 53
0491 51 47 22
0494 30 05 03
0476 62 28 67
0479 88 13 00
0482 92 37 61
0470 67 90 84
0498 62 19 40
0488 95 85 81
0486 65 03 91
0476 34 84 64
0477 56 66 47
0479 43 76 16
0495 78 59 90
0498 93 16 26
0484 71 57 90
0472 54 42 47
0474 88 34 85
0499 41 07 13
0488 86 82 87
0478 53 90 95
0488 82 03 86
0473 65 98 68
0479 36 67 65
0491 47 42 55
0477 23 42 34
0488 60 15 02
0483 37 18 65
0493 20 86 30
0478 41 17 35
0471 84 42 92
0487 59 78 52
0495 44 64 35
0472 86 10 36
0483 25 96 26
0482 65 87 66
0473 98 14 92
0492 22 99 95
0474 70 58 63
0489 53 57 52
0473 87 86 44
0477 18 88 29
0482 21 00 76
0487 18 06 84
0498 72 96 21
0474 77 55 00
0471 12 55 55
0489 81 95 37
0492 96 73 97
0471 16 00 32
0497 21 35 29
0477 48 55 61
0474 83 17 93
0474 74 12 74
0491 69 49 18
0488 96 18 57
0497 66 46 48
0475 32 05 32
0476 42 40 87
0471 37 11 53
0472 29 54 96
0485 62 76 16
0485 45 98 24
0478 58 09 90
0488 56 96 65
0485 70 63 04
0471 27 94 93
0499 31 45 24
0492 80 99 90
0487 45 91 61
0479 21 89 98
0494 93 66 97
0484 18 39 36
0480 37 93 31
0496 65 77 06
0470 93 73 15
0495 67 52 94
0484 14 13 50
0496 26 45 04
0486 64 71 36
0495 66 35 23
0470 20 85 41
0494 31 91 59
0476 99 75 88
0497 60 33 64
0482 37 16 98
0483 80 67 35
0491 45 77 43
0495 24 64 04
0488 80 56 72
0498 46 92 77
0481 61 93 67
0492 75 36 02
0499 97 94 28
0483 88 38 04
0474 51 17 11
0490 58 47 17
0473 71 44 92
0487 26 45 15
0498 33 32 48
0497 79 54 57
0477 95 35 64
0493 79 17 13
0478 78 94 67
0495 90 55 90
0481 38 25 60
0490 26 70 20
0476 85 56 09
0473 24 11 22
0487 68 56 67
0486 33 55 98
0485 33 72 75
0494 20 18 91
0474 54 50 70
0474 34 85 54
0489 69 35 64
0488 47 33 51
0497 93 70 32
0476 37 18 57
0498 95 48 79
0486 69 86 09
0496 10 09 75
0486 76 50 89
0476 32 70 40
0482 42 06 56
0494 65 59 70
0487 70 15 09
0483 87 20 07
0485 94 86 64
0498 12 86 20
0482 40 39 19
0496 31 40 28
0484 56 35 72
0496 13 08 89
0487 13 56 07
0494 51 09 28
0499 45 81 42
0471 35 51 28
0485 92 39 49
0490 89 70 54
0494 98 12 03
0473 21 79 42
0473 44 35 89
0499 81 44 86
0472 48 25 80
0476 29 98 44
0472 27 77 68
0481 24 04 93
0487 28 47 56
0487 24 95 58
0489 90 73 49
0484 73 67 42
0476 85 15 02
0492 52 86 33
0494 57 32 41
0489 51 18 64
0491 49 44 61
0472 28 17 25
0481 95 25 14
0477 62 84 68
0479 87 40 20
0497 14 20 61
0488 24 14 36
0496 55 12 62
0487 83 36 39
0474 90 96 02
0483 77 67 52
0478 61 31 63
0495 34 49 99
0479 50 03 83
0497 12 41 97
0470 89 30 30
0480 49 68 76
0474 80 81 89
0480 40 10 14
0493 67 14 73
0474 39 72 88
0498 97 33 02
0492 18 91 39
0492 26 93 42
0487 78 19 75
0472 60 22 20
0481 65 27 44
0472 63 46 79
0475 83 67 10
0473 45 24 45
0492 83 23 45
0470 25 19 44
0476 35 35 61
0497 94 69 72
0486 84 64 68
0495 68 60 95
0478 57 65 40
0485 16 89 18
0482 64 01 55
0495 21 05 71
0472 66 31 84
0497 55 65 97
0490 85 71 19
0485 38 91 22
0476 82 30 20
0496 88 17 23
0499 61 51 62
0489 66 15 71
0481 77 35 48
0488 71 18 59
0487 30 86 84
0492 20 10 10
0475 15 93 81
0475 48 73 96
0484 77 67 15
0472 24 65 51
0476 20 08 05
0471 77 43 35
0487 50 13 68
0476 96 99 89
0474 87 96 78
0497 89 34 51
0492 94 55 25
0482 56 67 74
0482 46 47 81
0480 59 64 79
0495 50 49 94
0479 44 11 01
0484 82 76 35
0492 38 52 38
0499 19 62 99
0472 30 04 38
0498 20 97 25
0476 48 63 37
0490 63 50 91
0494 21 86 42
0470 10 05 22
0494 67 44 10
0487 78 49 00
0484 93 74 87
0479 83 62 32
0498 17 73 35
0483 24 84 47
0496 44 60 50
0482 95 46 94
0472 11 93 91
0495 70 54 24
0480 38 72 43
0487 54 51 44
0481 84 88 27
0495 40 14 17
0486 83 80 93
0496 47 21 23
0476 24 43 01
0486 65 41 06
0499 23 47 12
0482 69 74 75
0471 67 57 49
0481 79 02 80
0485 26 27 67
0483 97 54 28
0472 34 94 50
0473 82 32 31
0487 71 19 34
0472 85 65 84
0477 55 85 72
0477 21 03 36
0498 25 94 97
0497 43 66 21
0492 48 78 36
0481 10 07 49
0494 25 22 69
0498 61 16 10
0490 97 84 84
0496 59 37 45
0496 25 06 75
0495 57 62 90
0488 56 94 01
0487 32 68 04
0483 11 50 27
0495 78 13 29
0477 77 76 59
0478 81 61 10
0475 66 74 26
0476 72 54 12
0470 95 16 34
0482 24 04 27
0481 88 17 65
0498 46 94 27
0493 91 69 55
0472 53 79 97
0493 74 70 95
0493 33 81 37
0471 22 53 57
0492 87 32 31
0495 45 57 64
0470 48 02 41
0485 57 21 62
0477 95 37 89
0489 70 95 99
0480 60 15 98
0494 27 26 24
0483 56 10 88
0482 26 32 82
0493 83 01 44
0490 36 22 02
0488 71 75 07
0489 34 74 69
0470 57 66 95
0492 36 41 30
0483 12 50 52
0493 47 49 48
0475 63 79 63
0491 90 28 64
0477 10 69 36
0474 48 23 45
0477 19 62 27
0475 75 77 89
0475 44 85 28
0498 51 90 49
0488 25 85 59
0470 59 21 03
0495 75 44 26
0490 25 21 02
0481 12 46 91
0499 12 00 58
0482 38 10 20
0493 74 48 40
0497 16 29 90
0480 85 02 36
0470 19 66 19
0486 94 99 72
0490 92 16 95
0477 28 18 02
0476 19 16 92
0496 79 08 80
0475 33 71 64
0491 31 03 78
0470 43 52 53
0483 17 44 94
0490 43 46 11
0484 79 92 91
0485 80 25 64
0473 32 88 05
0496 21 57 55
0477 48 38 37
0497 36 39 19
0490 26 95 84
0476 51 60 41
0486 50 82 78
0481 81 16 08
0490 85 40 35
0470 44 00 80
0493 34 48 14
0492 23 46 85
0484 24 71 37
0499 36 53 65
0471 59 84 23
0493 61 48 35
0488 14 43 91
0487 50 50 67
0485 52 42 47
0485 12 14 50
0478 15 55 73
0480 25 34 63
0497 64 26 35
0486 24 79 61
0487 74 77 26
0491 34 07 95
0480 90 80 80
0495 70 49 07
0474 10 00 26
0486 76 05 39
0474 51 84 98
0483 14 79 14
0499 95 02 72
0494 54 89 63
0494 12 33 67
0470 13 74 06
0484 43 73 31
0476 75 34 07
0490 75 03 35
0496 60 33 06
0470 42 68 71
0478 60 30 17
0495 78 86 67
0483 57 11 57
0471 34 27 44
0479 79 23 33
0480 82 52 37
0476 44 28 76
0490 55 63 69
0478 89 58 39
0475 37 90 40
0498 26 29 07
0471 71 21 89
0489 43 44 15
0494 23 59 39
0487 94 10 03
0480 72 33 88
0472 50 57 32
0488 26 12 76
0490 37 40 54
0485 70 29 45
0470 11 14 36
0494 57 52 17
0488 39 80 78
0482 51 82 64
0490 75 78 62
0478 52 43 88
0483 38 70 83
0472 72 29 38
0474 63 93 20
0496 18 66 67
0470 26 74 12
0494 49 46 52
0473 54 31 01
0488 96 16 53
0472 91 77 66
0488 23 02 45
0497 84 05 46
0496 66 18 05
0483 71 58 26
0483 95 59 61
0495 69 08 11
0494 65 03 15
0485 81 07 92
0474 47 21 55
0483 39 21 97
0480 20 68 31
0480 99 45 03
0481 81 57 11
0470 93 05 94
0492 64 99 88
0488 17 02 88
0471 41 60 31
0491 26 46 84
0481 40 41 11
0478 89 42 04
0487 97 67 28
0487 84 61 57
0478 60 77 04
0499 42 05 08
0482 60 50 19
0471 29 86 85
0488 10 41 17
0470 96 93 78
0483 82 39 82
0486 52 58 63
0481 35 84 46
0495 36 80 61
0479 47 39 47
0478 51 26 85
0499 81 17 90
0483 31 34 43
0494 65 00 45
0480 95 88 51
0487 91 43 77
0499 34 01 55
0483 40 37 04
0498 56 02 47
0483 11 10 23
0479 90 23 01
0499 68 26 91
0481 56 79 70
0486 61 00 49
0497 43 73 00
0477 15 09 46
0483 97 62 95
0495 75 88 95
0472 83 72 88
0484 73 97 50
0474 46 67 95
0479 68 43 43
0477 85 40 17
0470 54 78 32
0472 31 72 30
0471 62 00 13
0492 60 05 16
0471 56 92 43
0472 40 60 32
0493 37 38 11
0490 55 75 90
0481 46 32 28
0497 78 97 29
0485 19 15 41
0474 90 33 47
0471 31 14 48
0492 50 30 80
0499 25 85 63
0484 92 37 89
0475 33 76 17
0472 58 74 50
0492 13 67 30
0479 44 36 59
0499 96 80 80
0488 34 08 37
0495 90 94 15
0482 22 96 18
0487 81 46 70
0476 56 79 15
0494 11 86 64
0473 25 89 28
0488 30 79 02
0491 54 09 76
0471 31 92 46
0493 23 90 88
0480 83 00 19
0473 31 70 35
0473 83 53 17
0475 82 04 59
0488 20 12 29
0490 95 60 54
0475 52 92 81
0485 31 12 52
0473 30 77 28
0486 86 07 89
0498 38 01 74
0493 54 77 83
0498 54 13 25
0477 64 53 88
0485 13 74 25
0496 56 19 43
0477 23 24 06
0481 59 92 81
0496 74 30 23
0489 49 09 22
0488 35 48 62
0479 92 54 35
0486 47 55 75
0485 31 08 08
0470 78 84 16
0475 59 65 81
0486 19 13 49
0490 71 91 89
0494 11 02 57
0477 36 98 71
0489 35 32 77
0475 87 91 42
0496 91 23 54
0491 31 48 63
0473 44 67 75
0480 36 18 83
0476 72 80 95
0483 26 06 24
0482 13 02 59
0494 73 58 94
0477 28 20 18
0478 58 06 47
0495 66 12 31
0477 31 48 13
0479 80 43 46
0499 91 81 20
0494 26 55 09
0480 54 51 72
0473 70 84 59
0479 38 46 17
0472 68 62 96
0498 25 28 00
0470 42 59 94
0493 50 65 70
0494 36 07 77
0485 39 68 09
0491 92 68 82
0485 56 38 33
0478 34 22 49
0473 89 19 50
0474 22 11 59
0493 21 09 11
0496 51 91 00
0477 65 99 73
0486 77 30 41
0470 74 09 52
0499 48 80 13
0471 23 12 32
0499 11 06 26
0480 74 46 10
0491 30 44 72
0477 71 04 14
0476 14 91 86
0498 84 72 73
0472 83 00 82
0483 71 82 37
0476 14 01 10
0477 26 89 20
0475 48 25 25
0486 80 58 70
0494 85 73 69
0493 98 81 05
0489 39 07 60
0473 15 37 67
0493 66 97 59
0489 54 21 02
0495 70 06 04
0483 20 34 20
0480 69 88 40
0477 24 43 53
0485 80 99 46
0477 77 64 68
0492 59 09 99
0478 10 33 07
0484 23 41 11
0483 97 71 18
0489 39 35 76
0485 55 94 62
0481 29 52 56
0476 87 70 41
0493 41 83 55
0486 48 98 38
0480 56 28 60
0479 12 53 05
0470 93 95 44
0480 82 89 00
0489 95 76 46
0487 74 59 11
0471 19 09 98
0476 31 66 57
0481 65 83 23
0481 82 54 87
0498 57 18 40
0481 97 27 05
0476 90 03 81
0491 42 85 43
0471 90 27 02
0471 60 41 07
0475 62 52 68
0488 73 62 29
0476 42 02 52
0495 69 34 80
0478 96 96 46
0476 13 23 99
0473 62 80 98
0480 92 88 29
0473 73 95 22
0499 63 92 74
0489 79 15 03
0486 32 66 23
0490 80 79 56
0487 97 28 33
0494 58 87 30
0484 82 94 04
0490 90 24 85
0471 49 95 00
0481 25 97 96
0475 58 49 97
0499 24 03 20
0488 97 18 49
0489 87 80 21
0496 68 34 36
0487 26 75 02
0493 15 14 08
0497 26 33 35
0484 25 24 69
0477 27 40 90
0478 84 42 22
0477 13 57 64
0476 62 42 33
0487 28 43 43
0472 72 63 14
0490 46 25 66
0484 70 58 37
0493 11 03 08
0473 24 72 86
0470 58 73 62
0477 41 84 80
0478 68 47 68
0495 36 90 09
0487 63 37 35
0481 20 64 24
0475 41 96 01
0483 76 99 57
0487 66 29 09
0483 81 94 39
0484 70 19 37
0475 56 11 83
0472 72 09 03
0473 85 55 19
0498 64 10 78
0496 27 35 76
0475 39 30 73
0486 98 15 62
0481 43 00 16
0490 27 79 57
0472 92 58 13
0470 50 48 92
0487 30 74 71
0481 86 69 83
0499 94 28 67
0497 69 66 05
0487 58 36 27
0488 28 86 32
0499 13 97 34
0485 50 20 64
0486 47 16 92
0497 12 00 23
0490 16 13 45
0472 20 18 89
0493 98 35 82
0488 23 49 06
0490 17 88 53
0479 62 68 09
0485 45 75 15
0473 55 41 15
0478 23 59 37
0483 91 16 40
0481 90 50 57
0481 94 98 59
0489 62 39 43
0474 49 30 08
0497 71 65 28
0482 49 12 47
0495 97 04 47
0473 41 15 15
0472 60 11 97
0487 22 13 52
0484 75 70 27
0487 29 86 26
0479 25 18 33
0474 66 74 26
0475 38 20 63
0472 20 95 86
0482 36 96 32
0486 23 15 15
0470 18 24 70
0476 43 67 72
0481 90 31 75
0488 68 70 71
0480 53 91 17
0472 99 65 79
0491 70 50 21
0481 49 00 75
0472 26 27 17
0472 84 34 11
0494 36 58 68
0492 15 17 30
0476 10 53 01
0475 40 63 51
0489 29 27 01
0482 34 89 29
0483 49 76 23
0495 58 51 79
0488 68 91 92
0481 88 33 89
0499 16 27 26
0498 25 11 79
0499 51 30 42
0485 14 22 54
0472 73 94 29
0477 97 49 97
0478 24 83 25
0498 97 07 63
0496 65 41 31
0470 97 65 00
0482 74 72 23
0474 60 17 11
0474 30 54 23
0488 54 37 54
0496 92 07 58
0471 27 94 16
0494 23 02 69
0489 52 99 44
0490 53 49 77
0492 72 29 16
0496 96 67 16
0495 35 37 92
0495 83 39 39
0486 82 78 42
0471 94 12 96
0486 33 92 84
0496 98 63 75
0476 18 17 40
0472 94 40 77
0495 57 19 01
0489 45 94 31
0482 89 73 60
0480 76 72 79
0474 88 77 34
0477 14 04 63
0497 39 12 24
0493 54 67 87
0491 49 60 75
0488 60 81 48
0475 44 01 54
0497 87 34 38
0495 93 65 11
0485 48 54 68
0485 59 83 49
0497 67 16 38
0486 52 00 70
0499 74 16 40
0481 32 68 13
0478 84 27 81
0499 14 06 77
0491 99 11 79
0482 88 51 77
0493 62 98 03
0492 84 14 33
0473 27 00 97
0480 60 85 95
0496 55 39 17
0483 80 44 33
0471 72 67 54
0490 62 08 56
0489 42 63 06
0475 36 08 44
0493 40 95 80
0497 46 58 97
0470 33 35 61
0492 15 42 14
0481 24 28 50
0478 62 65 78
0474 72 58 44
0492 21 71 87
0494 85 57 46
0497 76 53 02
0486 72 00 88
0483 55 92 69
0493 61 54 78
0481 47 02 67
0474 75 45 85
0482 10 62 04
0479 65 98 38
0489 97 35 12
0498 44 29 90
0479 19 32 29
0475 49 72 39
0491 97 51 25
0496 32 26 03
0492 82 95 45
0474 49 84 38
0480 65 63 55
0474 62 06 03
0478 61 77 48
0490 92 16 89
0477 77 68 72
0498 69 51 99
0473 25 77 98
0473 79 77 32
0483 57 23 35
0498 24 92 28
0490 94 97 26
0499 80 01 41
0473 35 84 61
0476 43 11 12
0481 41 61 64
0481 68 38 35
0498 75 85 68
0492 48 07 31
0494 29 68 19
0471 89 50 44
0491 14 79 47
0497 46 65 06
0470 45 18 85
0486 45 99 74
0495 46 42 37
0477 69 77 54
0474 51 22 14
0470 47 85 36
0496 31 32 95
0491 29 37 31
0499 41 00 24
0484 47 72 21
0472 11 91 79
0499 51 62 67
0495 59 40 55
0481 83 93 92
0476 37 03 08
0477 63 18 92
0487 41 59 71
0496 12 25 07
0475 79 23 61
0490 91 51 72
0488 76 97 09
0478 92 48 63
0476 88 59 83
0477 37 32 80
0484 26 38 60
0477 67 98 24
0476 67 18 69
0479 97 86 61
0487 27 91 83
0492 64 21 46
0497 29 57 30
0481 71 75 23
0485 40 08 48
0479 94 89 99
0473 89 55 85
0488 45 42 98
0487 66 48 36
0482 93 30 54
0484 76 64 83
0471 25 65 90
0474 82 32 23
0485 13 41 56
0491 45 19 15
0498 51 09 26
0491 99 00 63
0477 57 08 75
0489 93 41 76
0480 37 84 45
0496 89 96 90
0494 59 01 26
0489 34 87 02
0478 84 49 27
0490 33 59 58
0476 58 22 56
0499 20 60 47
0487 35 39 53
0490 23 72 55
0489 37 27 52
0492 49 17 80
0474 16 10 83
0497 97 19 38
0475 64 21 84
0498 10 36 12
0484 17 98 07
0480 98 11 94
0492 46 92 53
0489 64 91 16
0485 52 34 53
0477 75 40 87
0477 17 86 48
0490 32 12 70
0473 53 27 42
0471 97 93 72
0491 94 16 94
0481 31 96 20
0492 71 38 11
0493 88 94 08
0480 44 50 91
0497 11 63 79
0477 37 87 66
0498 76 48 19
0492 24 68 20
0489 28 51 41
0484 89 87 14
0493 77 73 36
0470 24 48 20
0490 70 66 33
0483 34 00 52
0479 91 49 41
0499 39 12 38
0489 78 16 48
0489 68 58 11
0498 26 06 57
0478 31 85 15
0480 98 48 16
0475 40 64 83
0470 59 74 59
0486 25 03 37
0479 29 74 97
0479 73 92 17
0471 41 48 19
0471 87 57 24
0470 77 64 92
0483 42 72 89
0482 21 48 71
0471 79 19 91
0497 34 81 85
0491 16 44 75
0498 21 66 46
0482 22 83 43
0482 58 03 42
0492 34 87 32
0493 13 50 94
0471 93 71 75
0474 50 29 89
0471 66 66 78
0482 67 39 51
0486 60 63 76
0476 11 58 42
0484 24 32 46
0495 68 80 17
0488 40 34 89
0489 99 83 37
0498 57 66 44
0486 25 65 19
0479 94 12 39
0488 36 99 91
0473 93 05 70
0483 80 80 15
0492 81 17 31
0498 95 44 90
0492 15 44 65
0496 90 59 33
0476 86 47 33
0495 18 12 30
0473 30 26 76
0472 39 38 94
0477 13 04 89
0486 44 29 56
0472 88 89 02
0481 35 74 87
0471 75 95 22
0479 65 78 34
0496 26 67 91
0499 54 89 56
0496 67 46 77
0494 32 50 26
0494 77 97 00
0483 28 51 05
0492 23 11 29
0496 54 56 77
0482 56 03 93
0490 48 07 62
0483 40 78 54
0476 90 07 98
0476 53 03 74
0498 49 71 08
0481 27 45 25
0489 37 23 38
0486 60 93 19
0471 28 28 40
0477 87 99 26
0487 59 23 19
0490 73 42 08
0489 83 12 07
0476 27 67 83
0484 66 29 70
0491 79 38 68
0483 85 96 49
0477 75 65 83
0472 23 71 29
0487 87 65 36
0487 31 07 20
0485 49 12 23
0488 72 79 01
0497 12 52 63
0476 23 14 37
0475 76 27 55
0473 61 56 97
0498 62 16 23
0488 61 80 80
0471 24 59 75
0490 12 96 83
0475 37 79 42
0473 42 54 82
0478 34 35 51
0480 68 95 54
0471 75 35 51
0483 77 68 49
0482 82 80 44
0499 74 42 93
0481 85 63 98
0488 55 87 07
0476 88 97 65
0472 22 15 81
0489 68 32 16
0470 13 47 23
0492 34 80 35
0484 55 82 35
0485 19 11 71
0494 97 88 07
0475 88 90 86
0474 86 56 79
0471 33 14 26
0482 10 65 50
0485 86 66 24
0487 93 83 98
0495 89 73 03
0482 81 93 18
0494 53 93 76
0474 46 79 73
0474 66 45 92
0480 32 40 45
0489 20 48 29
0497 83 55 05
0493 78 93 99
0479 79 05 67
0489 43 93 96
0496 83 36 48
0475 58 78 39
0477 15 44 19
0474 61 97 75
0470 91 04 23
0488 68 14 19
0478 85 76 31
0477 65 09 09
0491 88 52 57
0495 64 99 85
0499 15 15 63
0488 56 14 71
0494 17 72 01
0473 99 20 79
0488 67 47 39
0489 66 03 57
0471 32 56 95
0498 70 59 58
0476 57 99 45
0495 84 92 61
0488 96 61 85
0496 12 65 59
0475 23 13 94
0496 13 45 68
0498 83 99 61
0496 70 47 34
0488 60 77 86
0470 99 82 62
0485 64 02 71
0491 81 81 75
0475 26 79 19
0474 58 86 20
0497 18 00 79
0486 11 18 17
0477 19 06 46
0497 63 31 91
0481 83 78 99
0484 35 75 42
0470 28 94 59
0499 11 23 77
0482 81 44 51
0492 28 60 78
0470 39 44 01
0481 82 76 50
0470 46 42 04
0478 17 42 26
0480 85 45 33
0491 66 62 85
0475 71 43 28
0495 52 35 28
0471 42 20 68
0475 24 46 58
0487 60 78 91
0473 70 42 98
0496 69 96 75
0483 17 98 84
0477 94 91 46
0494 88 64 79
0476 28 11 30
0496 30 58 48
0499 29 27 63
0477 51 26 60
0486 77 95 07
0493 68 11 57
0489 11 70 02
0472 17 54 11
0499 96 32 97
0489 89 99 00
0486 65 17 93
0489 13 75 60
0484 88 67 66
0477 57 97 49
0486 10 57 22
0471 34 34 95
0481 38 46 15
0483 89 00 11
0493 86 30 98
0497 54 94 52
0473 93 99 10
0498 55 32 50
0472 40 51 81
0476 17 38 82
0474 75 66 15
0479 92 48 35
0479 29 64 64
0485 32 62 10
0475 78 57 29
0491 95 96 79
0483 16 79 48
0481 58 95 27
0488 91 53 07
0491 83 34 78
0475 32 45 54
0499 70 75 44
0482 78 53 87
0481 16 38 22
0492 54 37 67
0470 70 38 64
0481 77 11 55
0490 50 49 40
0488 95 94 17
0487 31 95 43
0481 59 42 56
0476 77 68 86
0484 82 03 19
0479 65 51 54
0484 75 83 02
0471 24 94 68
0498 64 68 69
0472 65 45 41
0485 34 01 63
0478 36 02 78
0478 71 33 99
0498 47 87 55
0493 63 60 47
0495 40 14 56
0497 21 72 76
0483 11 53 71
0474 74 05 85
0477 59 21 78
0496 52 73 41
0488 64 59 25
0489 59 17 79
0489 60 82 40
0499 12 25 80
0497 60 34 30
0477 70 96 66
0490 69 26 72
0476 41 14 17
0489 60 10 21
0492 23 87 49
0470 75 52 66
0470 35 02 89
0488 86 22 81
0479 76 83 88
0475 36 65 72
0492 84 08 99
0482 79 49 38
0493 84 53 87
0499 29 31 37
0478 81 38 34
0494 95 76 69
0496 68 20 82
0497 55 05 66
0492 12 07 82
0478 97 91 45
0493 10 47 97
0484 43 58 41
0485 72 92 53
0471 32 11 62
0490 62 59 95
0490 37 26 01
0494 36 84 63
0495 91 78 34
0494 44 73 08
0475 30 75 35
0493 11 33 68
0496 14 69 60
0472 22 24 27
0498 18 46 35
0493 32 83 44
0490 66 48 43
0496 12 62 46
0488 87 82 68
0482 55 30 87
0472 98 76 29
0495 78 37 32
0485 99 64 13
0488 26 94 16
0477 88 01 30
0486 43 55 85
0493 53 72 22
0489 92 40 36
0490 92 84 94
0489 33 32 41
0495 57 54 99
0473 43 51 92
0484 16 44 30
0478 40 72 89
0479 44 03 59
0476 95 09 51
0478 67 26 86
0470 85 89 47
0473 69 57 40
0473 91 09 25
0483 96 77 02
0474 21 84 41
0478 16 33 50
0480 80 38 78
0476 98 21 74
0475 93 53 19
0475 54 49 96
0479 45 23 53
0498 14 01 69
0474 29 94 48
0481 94 11 06
0476 63 63 19
0485 86 79 85
0482 93 80 80
0483 52 09 69
0481 80 20 84
0483 47 91 89
0486 91 11 46
0488 20 77 00
0497 71 37 05
0485 58 59 04
0497 58 56 93
0483 18 97 85
0488 61 44 32
0483 19 28 12
0496 37 74 38
0475 91 24 34
0486 87 84 92
0474 38 01 81
0492 32 45 02
0484 85 21 78
0499 49 25 59
0487 94 88 19
0472 38 83 53
0497 48 02 66
0497 49 71 46
0474 84 03 78
0497 74 84 67
0499 64 19 17
0498 68 79 91
0481 13 37 92
0482 49 01 64
0492 83 88 53
0481 78 17 67
0487 43 84 33
0491 28 79 59
0472 52 07 99
0493 17 75 50
0470 75 09 72
0486 50 41 75
0489 63 08 71
0481 64 86 61
0487 27 86 63
0481 55 30 42
0474 80 06 40
0485 50 68 48
0486 64 81 56
0472 46 76 88
0493 70 71 29
0489 75 20 62
0470 42 51 07
0487 30 39 54
0489 10 63 99
0488 42 48 29
0482 14 99 52
0483 73 62 73
0497 82 25 40
0493 94 58 01
0479 18 33 09
0497 50 11 19
0494 36 29 73
0487 24 55 88
0470 68 62 11
0477 53 11 35
0494 12 20 77
0477 65 35 00
0472 73 33 11
0485 34 46 59
0492 97 54 26
0499 87 61 07
0489 56 61 57
0493 45 44 45
0471 93 41 49
0483 73 35 30
0495 45 30 11
0481 81 49 91
0473 66 52 37
0482 95 56 02
0497 15 88 83
0492 83 58 36
0489 52 54 35
0493 44 78 60
0475 82 48 41
0473 92 32 29
0483 22 31 07
0497 97 24 39
0493 62 84 01
0491 96 67 28
0475 77 10 21
0478 16 74 20
0489 88 22 94
0477 92 01 55
0495 25 15 29
0481 90 66 35
0473 15 31 25
0489 68 08 12
0486 84 54 03
0473 81 71 74
0486 43 15 95
0487 71 43 24
0473 25 72 41
0488 93 88 06
0481 45 88 43
0470 34 82 18
0485 46 11 87
0495 89 55 38
0477 20 58 44
0497 88 85 02
0490 56 40 02
0484 56 22 57
0476 32 06 70
0477 11 45 26
0484 41 17 29
0474 73 91 30
0495 90 56 94
0471 67 94 31
0497 10 49 04
0482 70 23 50
0484 75 95 81
0498 43 54 34
0477 91 40 40
0487 88 12 04
0490 31 22 15
0478 32 05 27
0485 32 88 52
0496 85 76 59
0474 40 63 67
0476 65 67 98
0499 35 23 11
0489 86 86 44
0487 36 58 44
0481 78 99 19
0473 17 69 35
0493 61 40 20
0496 44 97 32
0491 58 81 71
0490 25 20 28
0487 69 38 89
0481 22 72 36
0477 38 09 72
0494 10 27 21
0497 23 81 13
0498 11 38 03
0496 17 51 82
0499 99 72 66
0487 94 60 45
0498 53 29 21
0477 49 18 40
0481 17 03 21
0472 15 83 63
0482 41 34 47
0489 80 00 11
0482 25 51 92
0471 21 88 77
0482 51 95 51
0492 64 81 93
0499 96 56 47
0470 11 36 94
0488 98 31 58
0489 55 75 20
0474 22 63 43
0487 25 91 74
0475 93 98 88
0495 47 14 86
0489 77 91 47
0499 44 66 31
0492 18 29 81
0470 19 95 90
0498 67 59 74
0496 25 90 07
0482 40 06 32
0493 46 13 23
0486 96 33 11
0493 94 27 31
0493 26 04 04
0498 90 23 26
0474 81 42 91
0479 67 20 07
0499 20 97 93
0482 25 66 37
0497 74 88 14
0481 70 83 48
0498 38 10 33
0481 86 63 71
0495 10 87 36
0479 19 05 44
0490 42 41 42
0477 81 62 76
0477 69 40 61
0477 23 97 55
0478 50 51 26
0481 26 29 94
0478 50 25 90
0481 23 66 35
0494 31 65 07
0475 79 46 25
0484 14 44 90
0494 36 17 12
0472 36 58 69
0491 23 37 47
0492 94 52 84
0471 76 05 74
0494 79 92 18
0481 65 75 17
0494 49 45 64
0486 92 73 36
0492 49 71 93
0474 62 05 83
0476 14 12 76
0499 79 01 98
0497 80 61 81
0482 40 28 84
0473 69 74 74
0499 98 39 89
0495 84 53 22
0486 57 46 26
0472 59 94 19
0477 36 44 11
0473 79 28 82
0476 30 36 24
0496 62 06 29
0480 36 29 82
0472 30 08 77
0473 43 66 95
0471 54 53 03
0488 48 47 08
0486 99 93 39
0482 16 06 39
0470 64 55 44
0474 99 19 25
0491 35 72 60
0479 75 74 20
0470 78 44 67
0491 57 53 83
0493 96 22 95
0480 50 29 55
0478 36 37 72
0479 78 05 86
0491 53 60 64
0491 37 64 41
0485 12 60 91
0475 21 73 47
0488 10 93 86
0490 71 48 06
0491 49 92 24
0487 10 14 01
0493 60 22 72
0483 20 84 94
0484 38 73 99
0478 68 01 36
0495 10 95 79
0488 16 54 39
0495 67 09 64
0497 95 79 36
0496 92 24 99
0487 35 61 91
0491 95 18 30
0477 74 68 76
0470 14 00 58
0485 40 11 16
0494 52 98 42
0488 62 92 92
0487 39 61 46
0473 67 63 70
0498 70 58 17
0496 82 14 71
0474 94 48 59
0471 11 23 37
0476 24 80 23
0477 84 40 21
0474 46 98 58
0496 51 52 28
0495 64 67 29
0477 39 90 83
0488 70 37 74
0478 74 41 97
0480 67 66 48
0489 84 06 64
0492 34 70 08
0488 27 95 78
0471 28 18 27
0492 41 77 21
0493 15 85 16
0484 51 98 68
0475 94 81 90
0481 31 80 72
0481 92 45 97
0473 45 30 39
0492 65 23 84
0473 79 53 73
0498 39 28 52
0484 57 19 44
0485 53 41 00
0497 29 84 88
0479 93 25 63
0474 30 01 53
0498 55 96 29
0483 31 85 53
0487 53 64 75
0493 45 22 35
0471 39 91 29
0487 11 25 04
0479 92 30 11
0477 14 33 64
0470 36 98 62
0493 80 42 94
0480 26 23 45
0494 27 97 80
0480 74 27 63
0493 42 63 81
0481 98 54 05
0482 24 12 86
0476 80 29 75
0476 59 95 85
0475 83 77 76
0470 14 29 70
0486 38 64 25
0478 50 54 43
0484 60 68 32
0493 90 02 67
0487 28 73 54
0488 63 50 39
0479 11 31 72
0492 94 09 15
0499 96 20 64
0489 24 79 34
0497 88 16 37
0479 19 97 62
0496 76 29 53
0472 73 62 62
0496 64 67 53
0487 62 66 28
0480 59 11 40
0493 46 11 32
0484 88 40 84
0481 66 42 05
0481 93 74 90
0496 19 77 07
0480 30 91 51
0472 72 63 71
0483 32 47 12
0477 80 92 10
0487 10 82 06
0487 50 10 73
0471 56 18 22
0495 15 26 48
0486 39 89 76
0474 33 97 12
0498 57 00 00
0489 18 87 63
0491 40 14 17
0479 15 92 17
0476 11 32 75
0489 41 67 83
0486 34 06 21
0483 45 39 96
0488 12 72 14
0479 89 81 05
0482 69 46 68
0479 93 22 49
0473 56 54 42
0495 18 69 92
0470 59 60 43
0481 82 17 19
0472 46 55 45
0482 33 14 91
0478 16 99 20
0485 78 25 38
0487 14 76 42
0470 43 36 28
0483 37 18 34
0483 89 13 62
0486 85 20 77
0498 29 68 59
0471 60 36 03
0486 78 64 47
0495 65 71 86
0494 39 94 75
0492 59 64 99
0499 93 10 88
0478 35 91 02
0489 53 85 27
0481 44 20 33
0490 31 22 35
0477 74 50 13
0470 38 49 12
0486 67 83 94
0488 48 55 49
0477 76 78 57
0478 33 34 29
0485 88 92 22
0484 74 26 62
0487 76 48 17
0480 84 88 57
0478 25 37 06
0483 77 27 86
0470 89 88 76
0492 33 06 01
0474 57 96 71
0491 19 33 63
0491 65 15 31
0477 99 59 62
0489 48 28 72
0490 84 18 31
0478 81 50 95
0477 23 02 72
0476 58 24 68
0496 46 56 46
0499 68 47 73
0473 24 35 40
0479 55 88 33
0494 52 10 08
0479 32 75 27
0498 86 06 15
0493 21 53 76
0472 93 60 15
0495 43 06 57
0493 67 41 95
0473 79 78 58
0471 79 56 36
0480 25 25 42
0471 45 98 67
0482 37 57 02
0475 16 84 67
0499 11 92 31
0488 64 18 57
0478 36 70 99
0481 86 25 20
0483 23 83 81
0479 35 46 58
0486 43 08 35
0498 14 70 97
0495 42 05 66
0483 72 77 63
0475 30 85 76
0485 42 08 40
0483 91 07 95
0480 71 64 76
0481 39 74 93
0492 59 33 98
0496 57 98 62
0483 43 34 12
0474 33 54 54
0495 14 28 22
0492 45 59 23
0494 41 32 98
0483 85 96 67
0476 12 76 27
0489 10 02 61
0483 10 86 00
0471 78 18 39
0493 87 70 77
0488 31 67 06
0475 24 51 42
0472 46 56 19
0486 59 06 70
0474 63 35 08
0496 96 38 13
0476 91 92 67
0497 88 56 87
0473 39 68 65
0482 39 73 60
0490 51 58 70
0477 19 64 01
0485 89 31 48
0499 29 46 76
0483 84 12 14
0498 56 75 94
0472 13 54 99
0473 60 64 56
0480 57 49 31
0495 89 55 84
0496 34 86 04
0471 34 27 44
0492 65 00 31
0487 37 84 12
0479 96 27 72
0496 12 38 91
0482 31 70 24
0484 24 12 81
0484 14 05 99
0486 89 75 68
0478 57 44 98
0477 60 59 50
0480 29 68 37
0482 15 41 47
0491 45 38 58
0481 24 39 82
0477 84 30 32
0498 93 95 87
0497 67 12 39
0470 76 08 10
0491 29 22 38
0471 74 67 48
0473 66 29 45
0478 97 86 71
0490 22 42 68
0485 26 04 49
0496 23 54 99
0491 95 03 01
0475 77 21 06
0490 23 67 38
0493 23 93 60
0474 31 97 31
0490 78 44 15
0484 50 03 37
0488 73 64 17
0490 69 26 57
0480 62 23 35
0478 88 53 74
0494 13 37 97
0492 52 48 28
0474 70 57 62
0474 12 57 20
0491 30 26 00
0487 53 37 62
0477 69 93 82
0496 16 74 60
0472 92 92 41
0484 60 63 23
0474 28 84 26
0495 11 21 78
0491 44 78 01
0478 81 32 09
0476 99 21 21
0479 92 69 51
0477 88 91 24
0485 12 75 40
0482 47 99 81
0493 59 59 69
0476 79 53 07
0479 45 61 58
0472 80 01 08
0474 51 59 44
0497 39 60 35
0485 65 14 89
0480 45 34 29
0474 53 33 52
0484 86 89 48
0479 88 95 00
0489 36 97 14
0472 74 45 53
0492 76 50 52
0479 76 68 01
0484 95 08 08
0483 10 43 73
0479 93 31 22
0481 97 56 83
0477 62 13 97
0482 21 06 63
0499 51 16 59
0493 96 36 07
0497 82 18 26
0484 16 46 78
0499 56 56 23
0474 38 92 30
0481 74 04 72
0481 11 03 85
0476 95 89 28
0487 50 97 84
0487 93 73 78
0490 18 83 75
0497 89 89 49
0489 98 68 26
0479 23 10 16
0490 24 80 05
0478 77 33 03
0477 71 02 26
0494 34 51 65
0479 89 36 51
0477 83 04 52
0478 94 58 28
0473 66 71 73
0492 95 29 02
0476 73 09 59
0475 14 54 92
0487 92 13 21
0481 20 24 96
0470 51 20 69
0496 15 91 25
0496 75 81 55
0493 52 64 71
0485 65 75 77
0474 82 56 76
0476 93 49 59
0492 69 51 80
0491 73 31 04
0488 43 53 47
0471 16 63 62
0477 24 26 04
0473 33 86 00
0495 20 52 47
0493 62 76 97
0485 96 47 45
0481 80 23 58
0480 95 38 84
0478 33 91 38
0488 26 84 82
0494 53 94 48
0499 75 26 54
0474 66 63 42
0497 69 48 29
0489 72 40 48
0486 65 04 25
0484 57 86 68
0495 59 60 55
0485 73 17 16
0476 82 01 73
0485 78 51 62
0487 27 82 42
0475 80 92 61
0499 85 03 66
0485 82 05 92
0496 54 11 89
0470 78 17 90
0487 30 93 08
0486 70 14 90
0479 57 01 50
0490 26 28 70
0496 74 09 13
0472 86 07 93
0493 81 42 56
0471 33 90 56
0486 36 35 21
0496 72 59 94
0476 53 18 77
0499 85 83 76
0472 36 00 06
0473 31 50 96
0479 22 49 13
0481 52 94 78
0470 79 22 86
0477 92 84 53
0476 75 63 03
0479 36 31 16
0480 45 25 64
0492 20 69 57
0483 32 70 66
0481 86 25 18
0485 34 64 87
0483 15 34 33
0470 63 29 67
0482 43 98 85
0485 56 64 01
0473 50 59 53
0482 23 46 85
0470 91 45 10
0485 27 07 84
0472 58 46 78
0490 99 14 50
0487 89 42 31
0487 40 00 20
0476 50 95 72
0491 60 07 89
0484 74 10 08
0496 18 97 04
0487 38 94 57
0470 92 91 06
0475 83 19 65
0474 26 68 90
0490 94 33 82
0494 87 53 32
0492 87 24 76
0480 49 28 94
0491 16 29 00
0475 80 65 20
0493 97 65 15
0498 95 35 45
0495 97 55 93
0478 87 97 40
0479 29 24 65
0476 80 73 69
0484 34 03 39
0493 27 72 06
0479 62 46 61
0476 37 19 82
0472 62 04 05
0475 53 69 62
0479 20 26 82
0490 60 12 03
0487 14 73 62
0497 63 04 91
0495 50 67 46
0488 87 93 94
0490 78 23 42
0479 18 93 96
0489 71 67 37
0494 79 05 46
0492 77 94 28
0480 52 49 04
0482 84 13 95
0476 86 79 83
0478 16 65 62
0482 64 05 55
0493 25 63 67
0492 49 80 20
0477 83 02 35
0496 98 94 28
0483 90 45 13
0473 67 89 74
0476 52 54 02
0476 32 74 27
0494 66 08 41
0491 82 49 99
0487 69 38 68
0477 39 76 38
0496 65 69 38
0477 20 35 36
0483 68 72 29
0494 63 79 58
0479 83 59 78
0480 44 54 40
0487 34 25 72
0499 18 10 23
0485 10 77 26
0475 51 66 97
0492 40 86 84
0472 90 81 73
0485 53 87 11
0481 79 32 84
0483 70 72 99
0480 59 88 93
0482 83 22 59
0476 79 46 12
0496 23 64 67
0493 32 17 35
0479 34 72 79
0477 78 59 29
0472 26 90 09
0495 38 33 06
0493 36 42 44
0488 52 25 87
0477 51 91 12
0479 25 08 60
0499 94 74 86
0488 81 01 29
0489 19 74 28
0478 88 19 65
0479 88 43 75
0486 10 10 30
0490 86 20 21
0483 63 77 09
0483 23 57 23
0472 86 35 67
0478 60 53 85
0484 48 04 99
0476 91 49 16
0493 65 70 51
0487 91 85 63
0483 77 19 20
0479 63 50 90
0477 46 86 50
0477 88 28 59
0485 42 13 90
0491 51 82 82
0481 38 99 76
0474 25 17 05
0486 10 92 60
0481 20 54 84
0483 25 58 22
0483 18 06 63
0489 97 37 85
0474 37 42 35
0499 21 18 67
0491 14 27 82
0497 96 08 65
0474 28 99 19
0494 48 72 89
0478 11 64 94
0493 59 23 96
0475 76 07 08
0477 72 18 56
0486 21 70 96
0499 39 11 84
0473 74 24 11
0473 36 62 11
0494 94 09 71
0487 13 13 85
0497 99 24 93
0481 47 75 48
0472 55 88 04
0479 19 51 01
0486 15 51 07
0490 82 00 79
0480 17 40 68
0470 16 80 11
0493 69 15 70
0487 81 69 91
0487 57 02 49
0491 44 74 56
0475 39 56 86
0490 40 50 45
0495 94 02 46
0488 95 16 39
0479 31 22 32
0473 71 62 28
0481 65 56 02
0494 77 17 89
0488 98 98 46
0476 97 29 99
0495 27 17 21
0472 68 87 94
0496 78 53 20
0490 83 09 52
0475 31 21 76
0470 28 04 25
0487 39 91 27
0493 14 93 57
0481 14 33 71
0491 45 44 69
0481 12 80 83
0492 84 87 09
0499 93 18 18
0481 94 77 48
0493 46 33 15
0499 72 09 03
0493 16 61 69
0473 12 27 18
0477 58 93 99
0486 81 81 89
0471 46 16 45
0484 69 24 27
0499 71 49 83
0497 26 61 52
0474 45 61 13
0481 73 72 85
0477 36 92 41
0473 61 22 24
0482 53 42 33
0470 58 23 51
0484 28 81 61
0498 84 65 96
0494 39 91 35
0487 41 56 32
0492 79 89 12
0495 41 02 55
0496 63 05 43
0495 23 14 27
0481 54 36 64
0491 63 79 60
0495 96 27 01
0470 38 92 51
0478 78 35 24
0487 98 62 88
0493 89 00 25
0470 62 15 99
0494 28 77 18
0493 31 41 35
0475 76 58 37
0477 79 37 65
0495 85 28 26
0478 83 49 16
0485 13 19 88
0474 66 30 44
0497 12 72 68
0491 76 94 29
0487 87 84 82
0491 62 40 02
0472 93 90 17
0487 42 41 79
0477 20 20 39
0489 86 45 50
0489 75 56 67
0482 38 32 94
0495 27 84 37
0497 54 07 15
0476 18 81 27
0490 53 47 21
0495 34 64 33
0475 73 93 87
0495 94 08 58
0481 67 47 16
0489 20 01 10
0473 54 15 24
0492 13 07 60
0470 56 55 42
0494 33 29 98
0499 21 71 80
0489 63 05 43
0474 35 58 71
0488 97 14 83
0488 43 00 74
0471 97 66 23
0495 30 83 86
0489 53 84 81
0478 82 19 52
0476 52 42 21
0485 18 51 98
0475 62 81 46
0478 15 41 99
0489 36 41 12
0471 29 91 38
0491 85 49 21
0499 42 30 00
0481 61 78 49
0492 58 14 00
0477 64 22 90
0472 80 11 61
0472 81 16 41
0478 88 48 32
0499 33 38 13
0490 94 79 00
0471 88 35 93
0481 96 81 08
0489 23 22 59
0487 57 61 57
0474 93 66 66
0499 50 72 67
0496 88 05 84
0480 95 33 91
0493 51 42 91
0477 90 06 60
0489 21 15 86
0489 38 97 92
0470 11 60 04
0481 52 94 53
0483 44 73 78
0480 15 21 99
0486 81 25 37
0488 32 58 26
0487 33 98 23
0491 32 28 75
0496 47 75 10
0476 40 14 85
0470 11 64 88
0477 86 11 13
0476 84 57 43
0485 90 09 56
0489 96 23 80
0489 70 05 43
0486 58 94 69
0478 43 87 73
0488 16 31 50
0488 60 01 30
0473 33 42 63
0484 43 93 02
0481 20 72 98
0495 83 94 50
0486 72 49 98
0498 50 55 39
0480 65 13 54
0475 56 33 94
0490 54 87 89
0497 21 51 17
0486 91 94 05
0479 11 40 32
0494 29 53 53
0496 19 95 96
0481 58 40 38
0493 55 00 83
0474 46 27 68
0481 54 85 44
0497 78 18 45
0486 60 94 91
0499 64 94 90
0495 19 61 74
0474 24 46 25
0498 73 75 96
0491 57 11 46
0476 27 74 23
0487 97 89 71
0478 77 36 09
0481 39 79 33
0477 41 79 36
0494 74 27 36
0472 92 80 75
0472 57 13 85
0496 85 80 47
0486 10 53 07
0498 80 44 70
0486 76 25 57
0484 97 24 10
0488 42 31 01
0499 61 17 95
0485 73 72 74
0486 16 68 29
0495 55 37 17
0479 10 96 83
0480 35 58 89
0489 74 70 60
0497 59 65 38
0470 16 58 77
0493 29 75 41
0477 10 61 95
0486 35 73 48
0486 54 82 33
0498 52 06 69
0484 97 36 59
0475 56 28 34
0494 62 01 92
0495 85 13 60
0472 36 19 81
0488 33 99 71
0479 54 09 17
0496 87 46 59
0481 17 48 03
0494 53 19 98
0499 20 77 55
0488 66 42 53
0478 63 18 68
0471 32 19 46
0484 24 25 96
0499 25 41 11
0494 46 10 50
0478 77 41 29
0494 36 26 87
0490 85 53 43
0475 78 63 32
0484 68 99 16
0470 55 54 56
0475 78 28 71
0496 46 17 16
0478 66 73 26
0488 79 03 10
0475 33 90 56
0498 57 86 11
0472 31 27 16
0480 72 77 18
0477 93 17 03
0490 45 47 09
0487 62 24 33
0493 51 62 73
0481 88 40 87
0470 38 21 87
0477 42 29 89
0476 41 00 27
0470 84 48 26
0472 79 20 27
0495 48 28 25
0498 24 11 93
0471 82 42 31
0491 53 28 39
0496 51 08 75
0499 62 76 80
0484 85 96 39
0490 17 13 00
0475 82 95 52
0483 66 02 10
0478 83 87 32
0474 94 13 47
0474 11 93 41
0487 48 51 64
0479 70 63 27
0475 86 40 08
0496 42 36 45
0474 15 31 44
0488 30 44 99
0484 93 58 72
0498 26 02 46
0492 42 74 59
0481 86 88 16
0497 55 27 54
0489 16 99 27
0499 36 82 13
0493 45 24 86
0487 42 48 51
0477 29 35 34
0489 62 61 41
0478 85 72 08
0490 73 11 67
0498 34 59 92
0475 51 56 85
0471 43 65 93
0472 27 91 91
0481 62 04 77
0478 53 29 09
0493 27 70 04
0476 84 84 28
0484 54 55 08
0488 41 22 49
0484 70 99 79
0476 61 84 81
0491 79 42 17
0495 67 10 08
0495 56 70 26
0486 25 40 24
0492 88 42 54
0492 56 27 20
0489 12 59 51
0492 95 53 03
0494 99 77 69
0491 53 74 93
0471 41 01 96
0479 80 09 61
0498 17 04 39
0495 82 09 66
0473 26 93 89
0485 91 42 80
0482 98 46 41
0486 35 22 98
0494 51 88 81
0491 27 27 84
0476 32 93 70
0494 47 65 73
0476 21 64 85
0473 12 34 15
0484 76 88 12
0498 65 80 77
0473 88 88 13
0494 19 44 71
0470 11 40 07
0473 27 09 27
0482 92 35 80
0498 75 98 84
0497 20 29 62
0487 12 92 72
0495 14 46 32
0471 30 09 92
0475 10 92 54
0495 99 29 91
0484 62 40 27
0478 11 25 15
0475 50 41 65
0487 44 78 31
0472 18 25 48
0498 47 87 44
0483 91 54 50
0492 76 04 08
0477 43 51 11
0499 29 93 61
0488 63 21 72
0489 77 26 35
0497 24 43 91
0480 85 04 45
0476 66 88 85
0485 28 56 18
0478 86 73 99
0479 42 79 04
0480 73 34 28
0482 60 70 18
0480 51 71 34
0492 94 74 00
0483 13 05 84
0492 16 52 36
0491 48 43 07
0475 17 06 49
0492 90 61 83
0491 48 86 09
0478 42 28 47
0481 40 57 92
0481 75 80 03
0488 58 20 64
0497 92 74 07
0488 19 51 63
0472 78 09 61
0474 61 72 83
0496 17 44 07
0489 20 73 27
0477 22 13 43
0486 83 44 47
0475 64 35 63
0481 52 48 47
0499 86 80 67
0483 40 39 13
0487 35 60 58
0479 11 01 83
0496 78 83 61
0498 75 41 13
0483 72 09 70
0491 61 35 51
0477 52 62 12
0493 21 92 07
0476 98 34 35
0481 30 65 62
0490 32 85 25
0480 55 96 19
0491 44 07 92
0495 71 87 43
0496 88 96 49
0492 77 01 85
0483 47 08 24
0475 90 45 07
0495 91 88 24
0483 44 41 63
0498 49 98 02
0484 47 11 53
0472 81 72 08
0498 58 50 01
0485 99 36 01
0473 95 17 00
0482 29 46 83
0496 37 91 99
0471 11 96 49
0486 36 78 31
0485 73 23 24
0486 45 29 01
0489 25 34 59
0488 13 27 70
0473 56 73 53
0494 27 22 11
0493 17 01 87
0484 48 18 36
0498 30 92 21
0496 53 68 42
0481 46 89 68
0488 62 28 95
0474 57 40 55
0473 92 03 56
0490 97 03 69
0493 90 55 55
0471 69 65 35
0490 23 31 37
0473 96 59 70
0495 65 42 82
0478 50 14 38
0496 44 58 83
0482 72 24 69
0489 99 43 38
0497 72 32 80
0470 18 09 40
0482 71 19 08
0470 55 05 64
0471 75 57 92
0482 60 47 78
0480 49 32 43
0489 71 06 73
0488 81 16 37
0484 16 57 94
0470 33 58 76
0481 22 76 62
0490 27 48 60
0471 68 16 08
0497 59 84 89
0499 27 36 30
0482 39 52 04
0483 42 37 57
0474 26 36 55
0485 86 19 03
0474 88 68 62
0473 32 91 65
0496 61 26 69
0476 83 61 15
0481 22 73 89
0474 71 93 49
0491 70 21 84
0495 90 69 93
0493 58 13 16
0477 96 20 20
0483 90 03 46
0472 51 50 82
0493 19 65 85
0495 86 12 80
0472 25 20 59
0485 70 06 03
0480 77 05 91
0482 48 06 65
0479 12 06 44
0470 19 05 17
0471 87 64 63
0481 90 36 07
0476 51 17 94
0482 13 18 82
0493 18 18 22
0483 79 20 55
0480 36 25 94
0475 26 37 95
0478 21 63 95
0472 98 58 55
0471 30 49 44
0495 85 73 12
0482 15 78 47
0483 52 38 94
0478 66 04 63
0497 88 97 46
0499 33 87 01
0489 32 54 13
0480 82 82 99
0486 64 73 94
0471 58 54 73
0494 97 02 52
0492 55 30 12
0484 75 13 33
0484 35 90 69
0477 46 24 08
0497 24 59 97
0473 89 43 35
0477 13 12 71
0474 47 96 88
0479 66 53 34
0481 22 70 22
0497 84 86 35
0495 69 76 84
0482 20 93 77
0488 63 02 45
0493 10 34 22
0475 31 41 14
0490 21 26 64
0471 82 57 54
0472 38 41 30
0470 72 17 14
0496 15 47 57
0479 17 28 23
0470 54 78 78
0499 62 47 22
0495 72 90 47
0496 56 32 10
0495 12 63 84
0474 85 78 15
0471 40 70 83
0472 16 87 99
0480 78 48 29
0472 98 62 35
0480 13 87 25
0498 50 05 20
0497 83 21 78
0476 55 63 81
0472 37 48 52
0477 92 65 83
0499 15 97 36
0472 57 71 91
0491 15 57 79
0492 32 40 90
0482 11 96 66
0470 58 82 96
0472 95 04 17
0493 41 06 41
0485 22 55 98
0484 17 97 46
0475 54 19 93
0497 91 91 95
0496 74 62 23
0476 44 07 81
0491 39 12 92
0472 90 37 40
0473 18 95 65
0486 94 28 14
0494 77 97 11
0486 62 80 70
0489 37 54 36
0474 81 74 13
0482 64 21 86
0499 26 15 48
0488 92 87 51
0481 58 00 11
0472 41 58 71
0471 37 83 90
0481 15 96 48
0478 43 73 08
0491 52 55 15
0475 32 30 81
0478 54 27 07
0496 26 80 81
0494 38 24 54
0490 50 45 79
0484 64 42 76
0470 44 16 41
0476 91 24 26
0473 14 60 89
0489 97 65 43
0474 86 70 45
0499 12 85 60
0495 47 27 62
0477 11 19 36
0476 45 66 88
0479 27 85 06
0470 23 88 11
0477 22 56 47
0493 24 70 13
0480 20 50 19
0493 94 81 03
0482 92 07 22
0494 37 10 25
0496 20 35 47
0478 28 52 38
0496 48 70 43
0497 44 01 20
0490 34 97 94
0491 29 39 59
0487 46 21 97
0491 78 01 23
0494 93 72 42
0496 50 66 89
0494 23 50 65
0471 19 61 00
0472 66 00 64
0495 34 75 20
0482 96 89 89
0476 89 62 28
0492 35 37 03
0488 13 61 94
0491 49 21 08
0494 57 22 88
0473 90 51 72
0480 70 28 63
0474 94 92 08
0489 95 94 29
0494 23 98 89
0496 11 22 88
0498 23 22 83
0490 55 04 35
0473 98 04 12
0489 20 64 36
0478 80 57 36
0491 96 27 68
0473 89 65 03
0495 12 84 10
0493 31 99 98
0489 46 74 85
0472 53 88 20
0478 27 65 75
0481 36 09 98
0489 25 21 27
0483 16 43 16
0498 37 58 90
0499 94 23 42
0477 17 64 50
0486 55 52 56
0477 57 97 52
0471 81 86 95
0492 55 99 56
0474 60 91 06
0488 11 65 18
0493 65 91 96
0471 94 34 40
0476 20 61 89
0498 85 68 94
0470 44 16 86
0484 87 75 87
0478 55 83 60
0499 52 42 37
0476 22 82 21
0488 75 41 98
0485 26 77 61
0476 79 60 38
0485 65 49 38
0475 82 67 14
0482 99 25 14
0494 58 43 22
0479 93 78 87
0480 85 89 51
0484 57 29 60
0479 93 54 14
0494 64 94 49
0489 81 74 22
0491 87 89 57
0498 71 18 30
0475 56 32 35
0484 92 91 56
0480 44 22 80
0489 34 61 86
0471 96 26 25
0474 86 60 89
0471 64 81 61
0482 10 52 40
0471 79 42 79
0473 63 24 59
0485 24 93 69
0488 78 87 43
0497 15 56 06
0491 66 84 02
0478 26 95 83
0479 98 01 76
0479 49 63 65
0490 60 53 99
0477 14 06 44
0492 73 23 19
0472 39 78 00
0487 49 40 55
0498 91 84 38
0470 22 01 47
0492 41 08 16
0489 96 79 00
0486 30 89 81
0498 69 84 69
0479 50 34 75
0487 25 85 22
0487 11 38 57
0490 56 79 24
0476 32 68 36
0487 84 49 34
0480 60 02 09
0494 98 04 06
0490 81 59 74
0496 24 65 44
0476 48 67 16
0492 92 68 64
0486 80 58 53
0491 54 85 25
0497 99 67 57
0490 56 98 64
0491 70 23 06
0497 42 58 80
0482 67 66 38
0498 18 56 47
0478 54 88 66
0489 66 40 47
0497 51 64 98
0473 15 79 56
0474 43 15 79
0497 99 95 61
0491 36 34 16
0482 50 09 29
0496 97 66 38
0496 41 56 14
0480 51 43 78
0470 11 70 45
0471 49 22 07
0470 97 08 07
0481 65 27 50
