5640
3680
7090
2950
4720
3945
3690
9400
3890
6780
9840
3391
1780
9472
4280
5670
3730
7070
6890
6833
5540
8700
8630
9790
6940
3800
5350
3803
6181
3800
8460
9340
3582
7700
6460
5003
7020
3670
7700
9140
3080
5570
8793
5620
3583
4920
3840
9700
9630
7880
6724
8340
3945
4210
9850
4710
6238
3831
4790
4020
6782
2240
4760
7870
7180
4347
4280
1300
4020
3300
3350
5500
1651
2800
5650
3800
2930
3920
7120
3700
2920
1390
1360
6840
3050
6950
5351
7940
4701
7500
5537
7542
5660
5300
5600
8587
2480
6530
1350
5362
5555
4161
6767
1840
6460
2380
6183
6800
4771
2870
5523
7120
4870
2040
4452
8900
5630
6140
7870
8957
4053
6640
2560
3190
5630
7942
4790
8690
5530
1670
3300
3770
1480
7034
5670
1501
3472
9921
2170
4317
9660
3840
2870
6637
7022
7387
1745
7730
9630
5555
5530
4041
4610
7712
3440
6870
4890
9860
5660
7170
1367
1435
6183
3740
6830
4960
9290
3950
4460
7191
1020
6140
1730
9506
2240
5660
7191
2520
4342
9890
3454
6560
3700
4851
9570
1470
4250
2250
6880
3450
4122
3740
6567
7060
4480
5680
8630
1654
4577
5101
6880
6927
1502
3870
6470
4121
3631
1460
5190
6560
6971
2040
7370
6706
8710
5570
7382
9570
7604
3700
7370
4750
6700
1654
4317
6181
7781
4837
7950
6740
5590
4860
4610
6850
1461
4802
2470
4560
9660
7531
5310
8700
6761
8310
4317
7140
4621
4720
1360
3800
1070
6700
5530
3800
6536
7387
6782
6440
3930
7972
3850
4750
3670
4280
6800
6560
3850
9940
2550
8570
6660
5070
9840
4557
4360
8587
1421
5670
5374
6730
5550
5377
4300
2240
9820
7131
5600
1910
4672
9120
3940
2250
9690
5310
7780
6680
7506
2880
5300
8420
1473
4530
4030
9890
9550
1755
9700
6730
7190
6440
6890
1745
7090
4845
9850
3510
3620
7022
3740
4671
4608
4280
6769
7730
6030
7050
5537
2018
7090
3680
8587
4460
5651
6880
2070
8433
4987
7910
3700
7387
4671
2811
4600
4577
3960
6980
7642
6660
6833
3212
4500
3440
7090
6810
6880
3740
3404
3990
5330
6800
6767
2260
7830
7971
3700
3540
6830
7540
9260
9130
6686
5651
5537
2431
7120
2550
7971
5522
2970
2275
3803
5680
6990
9660
8840
4990
7970
6460
9820
4557
6920
7730
7911
1370
8552
5300
3071
7780
2560
6723
8340
4340
5600
5300
8600
4560
8600
7972
7190
5650
8755
3530
5641
9850
5376
1430
8972
3470
9981
3740
7903
9420
3404
6760
2811
3294
9880
1755
7973
3560
6010
2340
4350
2200
7011
9506
4600
4837
6640
8700
1367
9968
5590
3545
8377
8640
9680
1930
5550
5360
6560
8630
6767
8600
3350
1150
8431
9980
4102
1790
7520
3440
8770
7501
9500
3723
6720
9170
4032
8490
5170
4632
4140
3350
6984
2288
5560
8600
7911
9630
3840
8587
6941
3370
4651
8610
5001
3792
1840
6890
1755
6220
9931
9100
6511
8920
4970
5600
2650
5030
3150
7604
1210
5650
7120
1674
4470
7090
6463
8020
6223
3910
6990
1982
1370
6760
6760
5680
8930
6900
3120
5310
9140
5575
4690
5660
3700
3746
4607
5560
9120
3670
7170
8560
9860
9080
6811
4101
1457
6280
6760
3870
3090
8600
2240
4460
5081
9130
1730
4610
2290
3080
4683
5520
7387
1440
1674
3950
5590
4357
7906
5680
3840
6997
7760
4357
9230
1450
7641
5680
2830
7973
4690
5060
6567
6890
5377
3700
7530
7850
8700
5540
6250
6870
6673
1350
3440
6700
7942
6983
5522
5537
2240
1450
5380
7520
9880
9700
6670
8554
9860
6984
9800
4577
3390
5500
7500
1083
4350
9200
7540
1730
3510
4520
7890
9551
1342
4040
6280
3700
8920
4920
8531
2820
8570
5032
5600
5650
5575
3630
9870
1370
3945
3724
6940
6840
5190
8340
9860
2880
9620
2170
5651
5336
7020
7781
8610
5560
1030
7180
3350
4317
7972
8790
8600
7100
7911
9230
3870
4300
9850
3454
6929
7604
4837
4728
9700
3391
1450
5523
6887
9130
2850
4557
3730
6983
2100
9680
6120
9150
8610
7801
3960
8810
5620
7740
6900
4670
9572
1401
5537
7802
8501
1830
6500
6670
1315
3730
4671
6642
7812
6700
5380
6840
3730
5030
6997
5370
9550
9850
3840
3740
7750
9910
5377
4122
7134
4770
5555
9630
9850
9420
9690
9310
6180
8902
5600
8573
7120
9630
8600
7830
3150
4633
5620
8904
4870
7903
1750
5140
8952
7022
5600
6672
2390
4761
9270
5580
3700
3530
9400
3470
5570
3960
7880
6531
5310
2811
4020
9030
1000
7970
8691
3840
6890
3201
5550
8691
3510
4360
6567
3665
7063
1490
8690
6567
6680
3460
9170
6960
1495
1840
3370
4890
2040
5170
3830
6560
3910
6929
6596
8300
7730
2018
1081
3742
9681
7812
6941
4000
2330
3220
9051
9850
2370
8600
9290
1670
6730
3870
4987
8510
2050
4520
1731
9890
6120
9620
8450
4253
8501
6460
7911
9810
3401
1853
4760
3294
3300
9120
3668
3668
7640
3830
6840
4557
4890
4280
8840
7951
5310
2450
3680
7080
7812
9690
8572
1931
1742
5377
9800
9620
6637
1570
7860
3850
6730
8890
1320
9070
9770
6238
2960
9042
5030
9636
9550
5530
6769
3870
6567
4802
4430
1670
9100
8720
6181
6640
6280
1674
5575
5540
9800
2322
1315
2235
5590
6440
4601
5590
4720
6680
4217
8511
4500
7890
3740
7141
7801
9260
7060
9290
2270
9620
2040
8552
4181
6120
6030
4253
3040
4360
1390
4654
6927
7640
3700
9120
8573
3831
4621
6952
6987
9870
8552
8954
2260
8691
4280
6690
1760
3221
6832
3400
3890
6830
5620
6811
5336
3770
3700
4920
7760
3290
6791
7700
9950
5190
4170
4728
4577
3440
4347
5600
3700
9060
1853
3960
9400
6460
3071
7911
1460
4280
7812
4260
6240
7804
6811
6800
6120
7830
7181
2040
3700
4120
5600
4607
6536
7170
9750
4210
7950
7530
1357
3150
4252
3800
6661
3890
5372
1400
7802
9500
4280
4728
3221
7971
5377
4900
6280
9620
7971
3960
3830
3640
6224
9661
6761
4830
5575
6747
4870
4540
6690
8630
2940
2275
8980
3272
8020
4910
9260
2140
8970
8851
2050
6280
9880
2920
9950
6220
7730
3630
1980
6200
3511
5030
3545
1430
9961
7321
6820
3300
4671
5500
5650
5600
8840
1654
6887
6927
6460
9880
4630
8560
7506
9310
5024
8377
9660
2390
3803
3078
3545
7130
5070
4760
7903
4180
7040
4960
4351
2830
3670
4987
3800
6532
2540
5575
6940
5377
4520
7740
3320
5530
5031
2880
5660
6470
6567
2460
9340
9420
7910
6800
5310
7822
3470
4367
1082
8420
5300
4987
7100
7784
5100
5561
2240
6223
3840
9200
6280
6890
6800
7134
7812
6821
1830
8420
6530
8587
7120
5540
3080
9450
9620
7822
5032
5060
9700
5590
9420
3360
5170
4840
7090
4550
9500
4357
5564
6698
3052
6120
7181
4300
1785
3890
6887
8310
8730
1200
6596
1600
5020
5503
2500
1750
4347
9310
5590
3941
9050
2235
8670
7131
3630
3500
6767
1080
5190
2070
7100
5330
6700
5310
2890
7801
7603
9680
3700
1780
8700
6760
7170
7090
6030
9880
1180
3740
1932
4850
1370
4920
8430
9404
8906
4800
2018
9940
7730
2390
6824
2820
4280
9660
7604
1457
4347
3790
5022
4910
5300
5550
5550
6717
3501
5060
9630
6730
8880
7030
5620
3391
6750
7100
8400
8570
3870
2850
3450
9890
6900
4760
7000
7730
3390
4730
8890
4590
8710
8560
6640
6000
1461
6820
5310
1750
3070
2030
3300
3020
8510
5575
5590
4550
1640
2200
4540
4624
9661
9112
5630
3530
3650
1440
4400
4217
7120
6880
9520
1760
9500
8470
7802
7910
7740
8630
7730
7080
5170
6717
5550
5630
3590
3700
9790
1325
2328
4608
7812
5530
5630
8630
4120
1760
5530
8710
8540
9401
8972
7530
9961
5340
2243
6120
6673
7620
1435
5650
1080
5621
9630
3511
4608
5555
3870
5300
4630
3770
5340
7640
5522
5350
1473
2870
2970
1700
2330
8370
7711
7380
3630
9550
8510
4590
2900
8600
4577
2160
6997
6210
7322
6590
7971
9820
9660
9660
6940
7760
6850
6560
9500
1210
5140
9630
9520
7322
1671
5570
4530
3690
3870
3770
8600
6980
3803
1090
7181
1150
9220
4557
8840
9840
5537
7880
3930
9250
2801
7911
8200
1473
4357
4287
1761
6880
8380
7780
7090
7390
8433
3890
8600
9130
7620
4670
6781
7050
6464
9932
6836
7536
5190
2520
6600
6900
5670
8730
9660
5340
9140
5030
6600
5600
5537
3700
3540
1315
2460
9500
4051
6230
5555
8020
6061
5575
9932
2820
4400
6140
1495
9940
7850
6637
6740
4171
8830
3700
9506
4162
5680
6640
3440
5030
9130
7180
3950
3530
3870
4670
6900
1473
5570
8470
5353
5030
7022
8490
9981
3540
8020
1930
3970
6880
1370
1495
4690
3400
8720
8400
5550
8920
5363
6927
2850
9308
4680
7022
9506
8954
2275
7080
6880
8500
6230
5651
2000
4791
2440
1495
1730
7041
9700
2990
9950
8610
5660
5621
8470
8470
6600
7780
4900
6740
5310
7322
4042
1301
3630
2170
3790
6440
5590
4360
1400
3621
4163
5600
9120
9500
4652
2330
6821
8511
8490
6464
4670
8630
2650
7120
6747
9500
7140
1070
4834
8490
2630
3870
4260
1800
5660
1745
2280
4771
3210
6640
6717
3732
6666
3700
1350
6940
6929
1670
7134
6747
6941
1982
5190
2430
5575
5550
3370
8880
3293
4120
2880
4450
4652
1785
6061
8830
8430
9500
5670
6852
8900
9910
2560
4650
7610
9500
2400
4400
7971
9700
6040
9950
5003
8431
8647
6990
5550
6840
1880
8560
4780
6769
4452
9890
4121
8340
5640
6997
7864
7500
4607
4340
6927
1457
8870
8650
4630
3050
3290
8978
4800
8880
3090
1350
5503
4570
3920
6927
9921
6887
8530
8400
4870
7804
6440
5630
4560
4633
4020
8900
6030
9520
5660
3220
2830
3770
6971
1090
3391
5060
9280
9620
9620
1540
6980
7540
4980
6440
8800
4367
3501
7700
3080
9308
8600
7034
8630
1367
8650
6960
6111
4850
2627
6800
7904
5600
8600
6890
9921
6181
3440
6031
6464
3670
3570
5560
7850
8377
4800
7850
9040
9620
1315
4300
2000
3770
9940
5530
3190
3740
8531
1547
3700
7191
9451
1980
4140
6461
9860
1367
7024
4560
4260
2300
4280
4163
9800
9700
2322
6220
9890
7332
4360
6660
9790
7904
2650
7810
4340
8550
7782
1731
5523
6704
8710
7100
6813
6220
6830
9032
3620
3690
4100
7910
7012
1674
3060
3840
5600
5380
5524
4367
1742
5660
4250
5502
8900
8553
1853
6900
8340
6670
3040
6220
1761
1360
3054
8587
7331
2240
3770
9932
5354
7090
9260
3930
7911
6960
1430
9550
6900
1367
6686
7120
9500
9991
2230
6464
5500
3960
4600
6941
5600
6860
1840
1360
7120
8420
2660
4280
7040
8630
6747
8904
5575
1420
6952
1420
6440
6812
3717
3294
6929
1043
7711
5530
3630
7387
4260
4460
6600
9790
8020
7532
4710
3960
9140
4557
3300
7880
3870
6567
9950
9620
1910
8800
7730
5660
9660
6870
8650
4400
7100
7040
5575
9290
6250
2960
6120
3401
5570
3550
4860
8510
5377
4600
5150
2570
1755
7340
4340
4190
6812
9860
5380
6767
9940
6987
9940
1933
9570
9230
3740
5590
5680
6800
1654
3670
9667
5560
6600
2321
4681
8510
4030
3454
6780
9200
4960
5370
4400
4260
4190
3400
6680
6929
2330
6600
1930
7040
3960
3870
5502
7850
7750
1470
6043
5500
2390
9050
8630
1480
1730
7940
4250
7870
9506
5060
7912
6860
8920
9400
7782
5352
5190
3721
6120
1650
4960
5580
5651
4317
3670
8870
2360
7620
6020
8434
8000
3700
4877
3660
5600
3530
4053
6500
4450
4550
2018
5190
8820
3803
6000
3440
4452
6140
6663
5555
5620
1931
4460
6464
3920
6673
5555
8200
3560
1457
1701
5310
6987
9230
2270
6940
5310
5081
5537
7033
6230
3990
5377
7810
3350
8377
3300
4460
5030
8551
2830
5680
4317
4530
7131
9120
5530
9890
5560
6210
9310
3061
5620
5004
9031
7911
1170
6567
5537
5190
9800
4577
3945
8610
4681
2845
9800
8690
9160
4351
1360
1020
3890
6230
7780
1820
5560
6460
8940
4557
3404
7760
1731
2890
6670
9000
6940
3890
4690
8000
8930
2520
5590
2530
6767
4771
1670
9820
2870
3960
1731
3010
4630
5650
4577
2321
3620
7911
4342
2240
5070
8840
9470
8020
4470
9890
5002
4101
5590
1673
5630
8420
1750
7534
6530
9850
4682
9280
4790
4652
2840
7120
1320
6280
9870
4837
8851
9700
8640
4280
5650
7521
1380
8900
8551
7604
9400
5580
7850
9991
1400
6534
5650
5530
6210
5372
5680
4280
9820
6810
6440
1761
3270
6840
4520
2340
9968
8600
2100
2970
4102
8570
7500
3800
3400
4728
8650
9931
4672
3721
7040
1840
6971
5100
4770
8650
9340
5600
7322
3294
8610
7522
9260
3798
6927
1440
3540
3060
1080
7911
7130
6800
7387
7911
6642
3650
4570
1980
7131
4280
6950
1370
4300
7522
8670
7333
4032
9112
7170
9750
1360
9820
2590
6761
1350
6836
3140
7332
7784
6542
7100
8630
7810
8902
2243
8791
1730
8420
8930
7540
4451
9992
9310
7904
9500
8840
7830
3300
4770
3630
8490
6462
1760
5170
5680
5170
5600
1601
8970
5030
4980
3350
3650
3971
4460
6567
6280
2440
3400
1831
4162
4217
1130
7900
2940
9403
3300
3630
5521
7750
3300
3200
8432
7041
2370
2300
5190
8551
3790
4590
3054
6840
5550
1476
4651
3583
7070
7534
8630
8480
4180
4602
4052
5362
6230
4990
4317
6222
7973
4607
4280
1673
4171
7050
2840
6987
8800
4162
6741
4870
9600
1380
9890
2381
4219
5310
6661
1367
4217
4041
3910
6950
9340
6532
7503
5190
7870
3300
4347
2170
7020
1670
4450
7370
6717
1547
7322
8880
2235
3730
1620
5600
9420
1560
9120
5530
8730
4357
4130
6210
5651
4620
9140
7061
7912
9940
2830
7784
1404
1325
8952
2870
8600
6742
4460
9406
3945
8958
5650
7100
5570
4121
3370
3891
5530
2200
8520
6470
7040
4360
4280
5575
1367
6800
6747
9890
3732
1673
7340
5600
9520
5354
9840
4350
8700
8820
4600
7332
5630
5030
1315
3191
1030
9690
2990
3700
4821
6666
1755
5060
4280
3370
4607
5380
4217
4180
4400
3300
1315
9620
5000
8680
5351
3051
6960
9840
8720
3300
7333
4682
6720
1401
7700
6680
4287
4990
1472
1083
2020
7060
7941
3018
4681
3890
3460
4987
6200
2300
3791
8650
3020
1910
5380
5562
6812
8430
6030
6043
4650
3831
5310
6747
9700
5362
8760
3740
7170
6900
1430
6730
9700
2630
9500
8630
9170
5651
7850
6941
3450
2235
6730
2970
7604
5600
6700
6929
8433
7534
5081
7950
5530
3742
6200
3792
1000
7700
9420
2431
7700
1790
2830
6860
4800
4831
6820
1360
6990
3400
7080
9290
3400
2290
3920
4030
2830
6642
6041
9506
9630
5520
2230
3700
7110
7191
9660
5575
5550
5101
3440
3870
2390
5310
7830
1450
3290
4783
5537
4342
5310
8553
3700
7040
9090
4041
2070
4300
7830
4102
7170
7538
5550
5621
4720
3891
9620
4960
1315
2430
5530
1300
5660
6536
7522
9690
8433
2275
1300
8570
3020
8940
2340
1357
5550
7620
8660
7070
7032
5660
1130
4670
7350
3300
4700
3960
3350
7890
4219
3730
6850
1480
8904
7850
8470
2811
8908
8630
7711
1020
1474
2520
9620
1755
4970
5380
6567
4020
9520
7180
7040
1150
9630
2260
5555
7120
2650
5670
6567
6591
4190
1430
9981
5370
4653
9961
8860
8610
6680
8650
8690
3454
2040
6780
4347
4250
6717
9420
4500
1800
4830
1310
7034
7387
3460
2590
2260
4550
7850
4102
2235
5060
3540
4720
1480
6662
1540
6532
8690
2260
3270
6000
5377
7340
5330
4280
3540
5022
9060
9120
4367
7760
4650
4721
5190
3890
4600
7022
3670
1880
5310
5580
1460
6540
1430
3350
4851
3440
9506
2260
4300
5300
6211
6830
9890
2580
4780
3272
8690
8570
8380
5000
5537
4280
8210
6927
6780
4458
9660
8450
1652
5537
5310
6680
5030
4190
5563
6820
6250
1367
1350
1457
7090
5590
8750
6769
4720
8630
1790
6927
9500
8600
5562
7350
5530
7861
1910
3890
9100
3870
3450
4300
8583
7380
9042
7830
9810
4257
9260
4670
3770
4219
2880
8953
7604
2350
4850
5670
2850
3320
7910
4210
5650
6211
4171
2320
3732
8820
4031
5100
7350
3700
2820
2030
1755
3040
9420
3631
5380
5140
9130
7950
3870
3511
9820
4610
9771
2560
7380
6742
7350
7760
3118
3060
8587
9500
5170
9402
4280
5680
4900
3404
5640
7502
2290
9310
1370
5002
6250
2240
7060
3770
4360
8554
5575
4400
4650
1330
9630
2243
6560
1404
4577
7730
6220
6853
6800
4053
5030
9570
8581
5680
8700
3270
5032
2830
3440
5600
9831
4780
9120
7387
4190
6200
8600
6020
4300
8957
8710
3740
3830
7331
7804
7750
3870
7830
7322
8810
1380
7521
5600
9420
3220
9750
9660
4280
1730
9308
9506
6238
6830
8020
6870
5600
7861
6670
9890
5570
2240
6660
8690
5310
8630
7387
7812
3870
8610
4470
3700
7910
8630
3500
8340
2550
5310
4870
3400
3793
9340
6780
5575
8600
5600
8978
7750
2323
9700
1457
9660
3870
5030
4453
3210
5310
4253
7320
4400
4837
6543
5190
4280
8908
6900
5680
6200
7130
3770
7780
3220
1502
4280
8610
6721
3790
6560
5380
3650
7740
6960
4400
7350
2940
7040
4880
9630
9690
6717
7190
2310
7890
9420
3950
7623
8640
8587
6200
1780
1315
6811
2220
4340
7131
7823
3270
6880
5660
8460
2811
7711
6530
5550
3150
9630
2480
7170
6120
7520
9120
1370
8900
7140
5555
3806
3020
1420
8340
7060
2520
7332
4350
5030
5575
5600
6280
4190
4300
4520
8904
6210
9667
4990
6717
7850
7903
3800
1370
4360
8600
6224
8377
8433
4000
7540
8460
1651
3300
1480
5660
6543
4607
7160
6543
1420
3770
2960
3390
6800
8531
4990
4460
1830
7641
2230
4520
8720
5070
8870
9140
3870
1650
1370
4287
7120
8210
1770
5377
4540
8730
7321
3660
2328
8572
5590
1360
4690
7090
7804
6673
1380
6887
5600
8860
6767
2260
5530
8670
6031
7110
4460
3840
6890
8020
5032
7387
4452
8620
5540
7534
3071
6600
3530
5600
7950
6530
6953
6810
5620
7750
6560
4217
6700
6531
6720
6470
1450
3360
3404
1980
5360
9500
6800
4300
8600
1701
8490
5070
1470
2580
4750
6640
4261
3473
2850
6880
3220
3980
3270
1360
7890
8377
6637
6950
6230
6900
7972
1435
5580
6880
2235
4621
4350
8340
4460
7904
7911
4750
9990
9500
6767
5660
9404
7100
9170
1150
5600
6852
2811
9700
5190
4053
8902
4761
9290
5600
5030
7622
4020
1315
7870
8377
6741
1357
8340
5310
7604
3190
3800
1755
4630
6870
4367
7080
4030
7350
5310
7540
6740
8980
3300
5600
9932
6927
8530
4607
5537
3800
3440
5530
4860
6704
3700
1480
6464
2240
8690
6970
9750
7910
8420
9981
1090
9270
5522
4280
9572
3501
4347
9120
2260
6640
4347
7040
4771
8793
8900
9770
3770
8972
6743
7540
5650
1790
1457
4632
5580
5590
1700
9630
1367
7120
3520
1860
2811
1370
6997
9690
6637
6984
1761
6900
2235
7782
4800
6850
5600
6940
4684
2520
6810
8902
6740
6890
3390
9030
6464
1300
3620
4347
4000
4608
9506
9620
6941
2235
7100
4701
5310
6780
5080
1730
2000
3990
4360
1755
8450
5530
3140
3001
5300
6596
5380
4450
1400
5060
4690
9052
4367
9770
6740
4607
1702
4020
5670
1315
3870
5352
1320
7533
2320
9060
1435
1933
5650
8800
9260
6706
5537
8210
9280
2220
4850
4790
9111
3960
1320
3510
3390
7973
6941
7387
5580
7742
6740
8000
4360
5670
6800
9032
4990
5550
7940
9700
1450
9140
4180
8900
5376
6836
4671
5572
3550
2480
7760
3790
6750
2431
1560
6941
3840
6800
5380
6540
3401
8600
8850
8647
6870
4800
7020
6230
6960
8980
4870
8400
3001
8730
7973
4020
6997
9500
4340
2801
5580
4680
9991
7536
4020
8690
7822
6717
6810
7141
8460
5570
4654
4253
5680
8860
4987
1030
7040
5340
1761
3461
5580
7370
9250
4770
6800
8800
4852
3798
1910
3700
9500
5530
2820
8000
8691
1350
9630
5380
6769
9420
4608
3800
5575
9688
2970
6850
5070
6769
9400
4607
4601
4400
5550
3630
3941
9473
6700
4452
2580
6820
9130
3840
7711
8800
4181
7783
9290
6984
3370
5030
2900
5680
6717
2560
3730
8904
5660
4950
5680
4000
7170
4608
9620
8470
9400
6970
5660
7322
9520
7522
6760
5575
7370
9031
5530
2520
9270
8710
8880
5575
5590
6010
7780
4750
5350
7730
6543
3630
6543
4845
6800
3950
1790
6460
2275
5651
7850
7810
5030
5563
4851
7070
5060
6200
9860
6560
9630
1083
9988
5630
3800
7760
9080
8647
5080
3070
1650
9880
3790
5651
5370
6220
5190
6780
5060
9473
8740
8640
3840
6660
6142
7521
1830
8647
6800
5190
2970
7160
6210
6666
2840
7522
1800
7504
8750
9680
5004
4280
3700
5550
3053
9400
6460
2870
9420
8630
9850
6890
9506
8582
3742
3120
2460
4000
6997
3530
9042
7070
7620
1932
2387
6200
6860
8957
5300
4761
6043
5340
6590
7760
6900
8710
9080
4690
2360
9570
4453
1671
1140
7012
9820
9688
8670
5580
1367
2243
6280
6769
6953
8460
3700
9000
5170
9200
9700
6997
7910
6596
3680
5680
4530
4400
5575
1602
3700
4280
6921
3740
5555
4577
4690
5550
6464
6821
7822
8581
4480
3202
7810
5374
5660
7521
5353
3202
9850
3721
5370
8582
4760
2450
4670
2382
1440
9150
5333
5542
5670
6920
7522
9308
8980
9506
3401
3520
1702
5640
5070
6010
3740
7972
7320
2950
2222
5620
8620
8630
7901
5000
8630
7850
5537
7322
6850
6856
4540
3891
4452
5680
9070
4520
5580
9180
5001
7033
6500
6941
6860
3211
7730
4400
4900
1020
5620
5310
5372
1210
5500
5333
3550
9255
5560
6834
4020
4367
3680
8600
5550
6782
5380
4280
2880
7861
5363
2500
2590
1170
4163
6740
7730
5300
5575
6210
5630
6987
5680
6210
6960
5550
7170
3540
9630
2390
9910
8980
5550
5630
3800
9340
4557
8640
5660
9630
8958
5523
1210
2170
7022
6750
5590
6890
6929
1020
9636
3870
5021
7603
2530
6870
3200
1060
7040
1315
7090
3870
6200
9040
2890
3400
7900
3010
5020
1500
6688
5377
4690
3770
4102
5680
5575
7504
8691
7191
6532
9850
5555
4452
6536
4761
3840
6953
5530
9630
2390
4350
4870
4219
5580
8902
6800
6971
6970
9200
9550
8647
5523
5150
2560
3071
8600
3080
4453
1315
9700
7022
3060
8730
3700
4340
5003
5575
6637
3640
9660
5380
4360
9551
4500
6230
3530
7100
3360
1670
6210
2060
6952
9406
1701
8940
5530
9620
4171
5590
5530
6536
6929
5651
4550
1342
4140
6637
4480
6987
3832
2970
2381
4837
1325
9930
1325
8511
3540
6953
3800
1670
4671
5621
5300
7011
1160
4180
3700
6640
4280
3130
9840
4000
6560
8610
7387
6460
6836
3870
7811
6500
8600
3350
3390
6661
2222
4190
5580
6730
9800
9690
1671
3870
4317
5550
9200
4351
4180
8791
4880
5544
9700
8700
6971
4357
5310
4210
2930
1930
6681
6120
9982
9190
8630
3290
6640
5590
6769
3051
5570
2040
2550
8433
8470
3300
3891
7500
7022
8980
6600
9970
7100
2800
7911
7941
6540
6060
9042
7531
3742
9340
5060
5575
2460
7603
4260
1000
8340
6530
9940
9255
6921
4557
7620
6747
9552
5150
4870
4652
6927
4950
3717
4280
4782
1357
2330
9150
7022
6001
7620
7500
6470
7322
4400
9660
1601
1750
1840
7760
5600
7911
6181
6740
3650
3730
6596
8421
5300
6987
3870
3220
2491
4557
3668
4608
9500
7780
2140
5310
9500
4051
8880
4600
8600
7000
3798
3770
1082
4420
3512
6700
9620
6470
7063
1430
3840
6980
7070
9420
7387
2100
3370
1740
7070
5640
6532
1547
1745
1080
6781
7711
6900
3040
6724
7133
4560
8647
6760
1910
7387
4140
3370
4420
3380
9790
6952
4650
9620
3840
2100
3870
6500
5590
2840
5101
4260
8610
2300
9940
6596
9160
3300
4557
7812
5600
3054
6810
4140
5550
3793
7801
3740
6997
5300
8000
4750
8870
5070
9700
8930
3870
3461
3960
9130
1980
8720
7910
5590
3717
4600
3890
9220
8433
2360
2880
9570
9185
7090
5580
2850
3700
4987
3700
1790
9667
7350
9290
8620
6630
5600
1320
5000
7063
6983
8908
6941
8630
4130
4831
4784
2323
1410
6750
7061
9230
8972
6760
1370
6111
8433
9690
6686
6990
7943
5060
8880
3990
8490
8951
1350
5640
5530
3290
6929
7134
9800
9420
3020
9660
4181
8930
1370
6838
1755
1470
5600
6230
7090
2480
2040
4340
4287
3770
4351
5575
9860
7332
6540
4460
3320
3700
4430
3700
1861
4570
3770
3800
9820
4181
7608
4560
4670
3630
1380
4821
5504
3650
5352
6211
6921
5540
5575
6900
6832
5370
5022
6840
5570
7034
5140
1370
1760
3370
5555
9400
1790
2930
4860
5555
6840
8920
7641
4450
3350
5030
4650
9080
9551
6590
9890
5540
6929
3350
6987
4550
5555
5352
3840
9420
6761
8647
1570
4181
9320
3391
8972
7904
5580
5680
6952
7022
4460
3840
7387
4537
3890
6462
1495
9800
9630
1380
7950
3040
4367
3770
7021
3080
5060
4020
6853
7812
7110
3040
7501
3200
6464
9112
3631
7050
5600
3960
7390
3700
5670
3272
5670
7387
3950
1400
3470
1357
2880
4450
7620
3700
9620
5650
3012
2221
3560
4257
4280
6600
6800
1367
3700
7141
6953
1670
7041
7041
5540
3803
4851
1701
6463
1325
6730
6230
3080
5650
6820
1457
7740
9820
5380
3400
1380
5032
2223
8551
5300
7904
8780
7050
7782
7804
1367
4287
5140
1370
4317
3128
4400
7972
7811
6031
2340
5503
8600
8490
5310
5670
9636
4711
8790
7780
7784
7603
4140
2387
4801
1755
6440
5600
8490
3120
2140
4260
9630
7642
7950
5100
6500
8700
4030
1785
7870
8600
7903
8587
1703
4260
7131
6600
6692
3960
3621
4630
8980
8710
1651
4367
4130
3700
5500
7370
2547
6440
1357
2627
6950
2018
4030
8691
7181
7910
5524
3850
6687
6769
6700
4252
6530
5521
6530
4161
6900
1390
6223
8950
9420
9620
4870
1600
1602
8940
3945
3190
6800
4400
9971
4650
1360
1030
8480
6542
6760
4250
8850
1430
6594
8587
8980
1402
3370
7330
9042
7973
3500
9500
7910
1120
9820
6980
2250
8660
4287
3401
9830
8670
4360
6460
5300
6984
6800
7321
4460
5670
6663
3770
3960
5575
1401
9200
3700
3060
2940
8460
9420
3740
8434
5620
1435
3212
8377
3870
9700
9572
4250
6240
8730
6182
1981
8630
8433
1600
1390
9920
7711
2650
6927
9870
3360
9220
7900
4280
4621
8904
6717
6688
4000
2230
3621
1730
9420
7850
3545
7090
1651
6543
2860
5530
4653
4420
1180
3930
1600
7170
4760
9890
5380
3360
6780
3130
8480
7040
2460
3800
5640
1390
7780
3400
5651
5150
1640
3670
3110
8800
7522
8720
9800
2220
8900
6767
4681
7380
5555
2880
7110
1600
3440
7040
5332
8380
2382
9473
7784
4690
7062
9520
9750
4670
7640
6941
8780
6280
7904
9820
1370
5646
1880
8200
9080
5190
6000
6220
1880
7521
2321
8951
6987
5101
5032
5310
6830
5680
9031
6987
4870
9620
5310
8600
6941
5537
5680
4100
5170
9910
5300
9160
2250
3581
2240
7110
7090
6880
1350
9150
8940
1435
9280
9680
5641
7780
2850
5310
7940
1570
6740
8800
5540
1880
5660
7334
1670
9850
3052
8573
8650
7380
8380
5670
4260
6111
1600
4257
7540
4130
2520
6900
7034
1457
9550
1450
4300
5377
3790
7140
4671
4431
6500
5630
7802
1750
9620
8433
7812
4550
5621
7760
8730
3970
6030
9690
2880
2460
3272
8470
6462
1541
4850
4520
1090
6812
4845
8200
4630
9270
7850
4280
5032
2018
8730
9620
5300
9800
3530
8460
7181
6500
2990
2530
3404
6740
4190
8581
9240
3891
2640
5680
9070
7387
6662
9620
9506
8640
8670
5032
5560
6830
8920
5300
7730
4557
9042
3581
7850
5600
9800
8630
4190
8630
6280
3540
9170
1745
5530
9200
7022
6781
6730
6941
7387
7034
4217
8531
1541
6043
3770
5530
6960
5561
7387
7190
2550
4357
9450
8370
9630
1500
2221
5032
4121
3720
6461
8793
4053
6741
3990
6987
7971
6210
1785
6997
7890
9170
9040
7890
3670
5020
8630
9521
7643
4350
4771
6800
8840
9140
7320
9200
6460
5550
3350
8600
3590
6782
1440
8553
4280
2390
6470
6820
9890
6120
7812
4161
6670
7170
3460
1490
3840
5650
5377
5670
1703
3500
4431
4870
9420
7022
5660
3798
6838
9190
1315
7050
6984
6637
7750
8630
9790
3540
7870
1760
7070
9420
8600
4530
9790
5030
7130
7760
8420
1404
1180
9290
5310
3020
4770
3960
3450
5310
3840
4557
6670
3300
7050
1820
9170
9880
1325
5571
9570
4851
5575
8510
4340
5060
5070
4700
4950
1501
2275
7971
6640
8550
8980
6721
4987
8210
9310
7543
6180
3850
7530
9630
5590
9190
4218
6464
8600
3791
7973
9140
3960
4280
2960
9130
5537
7061
7522
4218
6833
1450
6769
7640
3053
8420
6511
6238
2660
6441
6769
6971
4990
3020
4340
3404
3391
7160
8630
5600
9240
8970
6534
7333
1910
9890
5340
4990
3800
8800
4600
8490
1390
1390
5641
6220
3390
5651
3740
8570
8680
1315
4782
3060
4682
9200
3631
4451
9620
6983
5550
6540
7861
3400
7940
9860
7870
5530
6680
3790
7950
3540
5310
4730
6692
2400
4210
8630
5380
5575
4570
4350
1380
1170
5640
4987
5640
5170
9220
4120
7812
2590
2470
2220
6941
3473
2170
7334
3400
7601
9140
1980
2547
6750
4219
3404
5630
2940
7387
9140
1030
1460
5680
4987
1820
4540
5030
7643
5680
8956
8340
7950
6280
2491
6951
3391
7866
1421
1880
6210
6960
2500
4042
5555
6941
8980
6280
3960
8690
1350
1400
9990
5555
5575
8830
9800
4600
5080
7050
3350
5600
6637
8920
6721
4577
7387
9170
6567
3640
4210
7170
3803
7548
4317
2020
7850
6790
6040
